# Mdot1 [Msun/yr]  Mdot2 [Msun/yr]  M1 [Msun]  M2 [Msun]  R1 [Rsun]  R2 [Rsun]  Teff1 [K]  Teff2 [K]  d [Rsun] mode
O3V O3V 2.28559880338E-06 2.28559880338E-06 58.34 58.34 13.84 13.84 44616 44616 29.064 1
O3V O3V 2.28559880338E-06 2.28559880338E-06 58.34 58.34 13.84 13.84 44616 44616 36.6192 1
O3V O3V 2.28559880338E-06 2.28559880338E-06 58.34 58.34 13.84 13.84 44616 44616 44.1744 1
O3V O3V 2.28559880338E-06 2.28559880338E-06 58.34 58.34 13.84 13.84 44616 44616 51.7296 1
O3V O3V 2.28559880338E-06 2.28559880338E-06 58.34 58.34 13.84 13.84 44616 44616 59.2848 1
O3V O3V 2.28559880338E-06 2.28559880338E-06 58.34 58.34 13.84 13.84 44616 44616 66.84 1
O3V O3V 2.28559880338E-06 2.28559880338E-06 58.34 58.34 13.84 13.84 44616 44616 550.13 1
O3V O3V 2.28559880338E-06 2.28559880338E-06 58.34 58.34 13.84 13.84 44616 44616 1033.42 1
O3V O3V 2.28559880338E-06 2.28559880338E-06 58.34 58.34 13.84 13.84 44616 44616 1516.71 1
O3V O3V 2.28559880338E-06 2.28559880338E-06 58.34 58.34 13.84 13.84 44616 44616 2000 1
O5V O3V 0.000001074 2.28559880338E-06 37.28 58.34 11.08 13.84 41540 44616 26.166 1
O5V O3V 0.000001074 2.28559880338E-06 37.28 58.34 11.08 13.84 41540 44616 31.9542 1
O5V O3V 0.000001074 2.28559880338E-06 37.28 58.34 11.08 13.84 41540 44616 37.7424 1
O5V O3V 0.000001074 2.28559880338E-06 37.28 58.34 11.08 13.84 41540 44616 43.5306 1
O5V O3V 0.000001074 2.28559880338E-06 37.28 58.34 11.08 13.84 41540 44616 49.3188 1
O5V O3V 0.000001074 2.28559880338E-06 37.28 58.34 11.08 13.84 41540 44616 55.107 1
O5V O3V 0.000001074 2.28559880338E-06 37.28 58.34 11.08 13.84 41540 44616 541.33 1
O5V O3V 0.000001074 2.28559880338E-06 37.28 58.34 11.08 13.84 41540 44616 1027.553 1
O5V O3V 0.000001074 2.28559880338E-06 37.28 58.34 11.08 13.84 41540 44616 1513.777 1
O5V O3V 0.000001074 2.28559880338E-06 37.28 58.34 11.08 13.84 41540 44616 2000 1
O7V O3V 4.57088189615E-08 2.28559880338E-06 26.52 58.34 9.37 13.84 35531 44616 24.3705 1
O7V O3V 4.57088189615E-08 2.28559880338E-06 26.52 58.34 9.37 13.84 35531 44616 27.0378 1
O7V O3V 4.57088189615E-08 2.28559880338E-06 26.52 58.34 9.37 13.84 35531 44616 29.7051 1
O7V O3V 4.57088189615E-08 2.28559880338E-06 26.52 58.34 9.37 13.84 35531 44616 32.3724 1
O7V O3V 4.57088189615E-08 2.28559880338E-06 26.52 58.34 9.37 13.84 35531 44616 35.0397 1
O7V O3V 4.57088189615E-08 2.28559880338E-06 26.52 58.34 9.37 13.84 35531 44616 37.707 1
O7V O3V 4.57088189615E-08 2.28559880338E-06 26.52 58.34 9.37 13.84 35531 44616 528.28 1
O7V O3V 4.57088189615E-08 2.28559880338E-06 26.52 58.34 9.37 13.84 35531 44616 1018.853 1
O7V O3V 4.57088189615E-08 2.28559880338E-06 26.52 58.34 9.37 13.84 35531 44616 1509.427 1
O7V O3V 4.57088189615E-08 2.28559880338E-06 26.52 58.34 9.37 13.84 35531 44616 2000 1
O9V O3V 1.52054752973E-08 2.28559880338E-06 18.03 58.34 7.73 13.84 31524 44616 22.6485 1
O9V O3V 1.52054752973E-08 2.28559880338E-06 18.03 58.34 7.73 13.84 31524 44616 25.265 1
O9V O3V 1.52054752973E-08 2.28559880338E-06 18.03 58.34 7.73 13.84 31524 44616 27.8815 1
O9V O3V 1.52054752973E-08 2.28559880338E-06 18.03 58.34 7.73 13.84 31524 44616 30.498 1
O9V O3V 1.52054752973E-08 2.28559880338E-06 18.03 58.34 7.73 13.84 31524 44616 33.1145 1
O9V O3V 1.52054752973E-08 2.28559880338E-06 18.03 58.34 7.73 13.84 31524 44616 35.731 1
O9V O3V 1.52054752973E-08 2.28559880338E-06 18.03 58.34 7.73 13.84 31524 44616 526.798 1
O9V O3V 1.52054752973E-08 2.28559880338E-06 18.03 58.34 7.73 13.84 31524 44616 1017.865 1
O9V O3V 1.52054752973E-08 2.28559880338E-06 18.03 58.34 7.73 13.84 31524 44616 1508.933 1
O9V O3V 1.52054752973E-08 2.28559880338E-06 18.03 58.34 7.73 13.84 31524 44616 2000 1
O5III O3V 2.34422881532E-06 2.28559880338E-06 41.48 58.34 15.26 13.84 39507 44616 30.555 1
O5III O3V 2.34422881532E-06 2.28559880338E-06 41.48 58.34 15.26 13.84 39507 44616 37.2008 1
O5III O3V 2.34422881532E-06 2.28559880338E-06 41.48 58.34 15.26 13.84 39507 44616 43.8466 1
O5III O3V 2.34422881532E-06 2.28559880338E-06 41.48 58.34 15.26 13.84 39507 44616 50.4924 1
O5III O3V 2.34422881532E-06 2.28559880338E-06 41.48 58.34 15.26 13.84 39507 44616 57.1382 1
O5III O3V 2.34422881532E-06 2.28559880338E-06 41.48 58.34 15.26 13.84 39507 44616 63.784 1
O5III O3V 2.34422881532E-06 2.28559880338E-06 41.48 58.34 15.26 13.84 39507 44616 547.838 1
O5III O3V 2.34422881532E-06 2.28559880338E-06 41.48 58.34 15.26 13.84 39507 44616 1031.892 1
O5III O3V 2.34422881532E-06 2.28559880338E-06 41.48 58.34 15.26 13.84 39507 44616 1515.946 1
O5III O3V 2.34422881532E-06 2.28559880338E-06 41.48 58.34 15.26 13.84 39507 44616 2000 1
O7III O3V 0.000000157 2.28559880338E-06 31.17 58.34 14.51 13.84 34638 44616 29.7675 1
O7III O3V 0.000000157 2.28559880338E-06 31.17 58.34 14.51 13.84 34638 44616 31.976 1
O7III O3V 0.000000157 2.28559880338E-06 31.17 58.34 14.51 13.84 34638 44616 34.1845 1
O7III O3V 0.000000157 2.28559880338E-06 31.17 58.34 14.51 13.84 34638 44616 36.393 1
O7III O3V 0.000000157 2.28559880338E-06 31.17 58.34 14.51 13.84 34638 44616 38.6015 1
O7III O3V 0.000000157 2.28559880338E-06 31.17 58.34 14.51 13.84 34638 44616 40.81 1
O7III O3V 0.000000157 2.28559880338E-06 31.17 58.34 14.51 13.84 34638 44616 530.608 1
O7III O3V 0.000000157 2.28559880338E-06 31.17 58.34 14.51 13.84 34638 44616 1020.405 1
O7III O3V 0.000000157 2.28559880338E-06 31.17 58.34 14.51 13.84 34638 44616 1510.203 1
O7III O3V 0.000000157 2.28559880338E-06 31.17 58.34 14.51 13.84 34638 44616 2000 1
O9III O3V 1.54170045295E-07 2.28559880338E-06 23.07 58.34 13.69 13.84 30737 44616 28.9065 1
O9III O3V 1.54170045295E-07 2.28559880338E-06 23.07 58.34 13.69 13.84 30737 44616 31.1926 1
O9III O3V 1.54170045295E-07 2.28559880338E-06 23.07 58.34 13.69 13.84 30737 44616 33.4787 1
O9III O3V 1.54170045295E-07 2.28559880338E-06 23.07 58.34 13.69 13.84 30737 44616 35.7648 1
O9III O3V 1.54170045295E-07 2.28559880338E-06 23.07 58.34 13.69 13.84 30737 44616 38.0509 1
O9III O3V 1.54170045295E-07 2.28559880338E-06 23.07 58.34 13.69 13.84 30737 44616 40.337 1
O9III O3V 1.54170045295E-07 2.28559880338E-06 23.07 58.34 13.69 13.84 30737 44616 530.253 1
O9III O3V 1.54170045295E-07 2.28559880338E-06 23.07 58.34 13.69 13.84 30737 44616 1020.169 1
O9III O3V 1.54170045295E-07 2.28559880338E-06 23.07 58.34 13.69 13.84 30737 44616 1510.084 1
O9III O3V 1.54170045295E-07 2.28559880338E-06 23.07 58.34 13.69 13.84 30737 44616 2000 1
O5I O3V 2.7478941531E-06 2.28559880338E-06 50.87 58.34 19.48 13.84 38520 44616 34.986 1
O5I O3V 2.7478941531E-06 2.28559880338E-06 50.87 58.34 19.48 13.84 38520 44616 41.1782 1
O5I O3V 2.7478941531E-06 2.28559880338E-06 50.87 58.34 19.48 13.84 38520 44616 47.3704 1
O5I O3V 2.7478941531E-06 2.28559880338E-06 50.87 58.34 19.48 13.84 38520 44616 53.5626 1
O5I O3V 2.7478941531E-06 2.28559880338E-06 50.87 58.34 19.48 13.84 38520 44616 59.7548 1
O5I O3V 2.7478941531E-06 2.28559880338E-06 50.87 58.34 19.48 13.84 38520 44616 65.947 1
O5I O3V 2.7478941531E-06 2.28559880338E-06 50.87 58.34 19.48 13.84 38520 44616 549.46 1
O5I O3V 2.7478941531E-06 2.28559880338E-06 50.87 58.34 19.48 13.84 38520 44616 1032.974 1
O5I O3V 2.7478941531E-06 2.28559880338E-06 50.87 58.34 19.48 13.84 38520 44616 1516.487 1
O5I O3V 2.7478941531E-06 2.28559880338E-06 50.87 58.34 19.48 13.84 38520 44616 2000 1
O7I O3V 1.01157945426E-06 2.28559880338E-06 40.91 58.34 21.14 13.84 33326 44616 36.729 1
O7I O3V 1.01157945426E-06 2.28559880338E-06 40.91 58.34 21.14 13.84 33326 44616 39.7278 1
O7I O3V 1.01157945426E-06 2.28559880338E-06 40.91 58.34 21.14 13.84 33326 44616 42.7266 1
O7I O3V 1.01157945426E-06 2.28559880338E-06 40.91 58.34 21.14 13.84 33326 44616 45.7254 1
O7I O3V 1.01157945426E-06 2.28559880338E-06 40.91 58.34 21.14 13.84 33326 44616 48.7242 1
O7I O3V 1.01157945426E-06 2.28559880338E-06 40.91 58.34 21.14 13.84 33326 44616 51.723 1
O7I O3V 1.01157945426E-06 2.28559880338E-06 40.91 58.34 21.14 13.84 33326 44616 538.792 1
O7I O3V 1.01157945426E-06 2.28559880338E-06 40.91 58.34 21.14 13.84 33326 44616 1025.861 1
O7I O3V 1.01157945426E-06 2.28559880338E-06 40.91 58.34 21.14 13.84 33326 44616 1512.931 1
O7I O3V 1.01157945426E-06 2.28559880338E-06 40.91 58.34 21.14 13.84 33326 44616 2000 1
O9I O3V 4.12097519097E-07 2.28559880338E-06 31.95 58.34 22.6 13.84 29569 44616 38.262 1
O9I O3V 4.12097519097E-07 2.28559880338E-06 31.95 58.34 22.6 13.84 29569 44616 39.4522 1
O9I O3V 4.12097519097E-07 2.28559880338E-06 31.95 58.34 22.6 13.84 29569 44616 40.6424 1
O9I O3V 4.12097519097E-07 2.28559880338E-06 31.95 58.34 22.6 13.84 29569 44616 41.8326 1
O9I O3V 4.12097519097E-07 2.28559880338E-06 31.95 58.34 22.6 13.84 29569 44616 43.0228 1
O9I O3V 4.12097519097E-07 2.28559880338E-06 31.95 58.34 22.6 13.84 29569 44616 44.213 1
O9I O3V 4.12097519097E-07 2.28559880338E-06 31.95 58.34 22.6 13.84 29569 44616 533.16 1
O9I O3V 4.12097519097E-07 2.28559880338E-06 31.95 58.34 22.6 13.84 29569 44616 1022.107 1
O9I O3V 4.12097519097E-07 2.28559880338E-06 31.95 58.34 22.6 13.84 29569 44616 1511.053 1
O9I O3V 4.12097519097E-07 2.28559880338E-06 31.95 58.34 22.6 13.84 29569 44616 2000 1
O5V O5V 0.000001074 0.000001074 37.28 37.28 11.08 11.08 41540 41540 23.268 1
O5V O5V 0.000001074 0.000001074 37.28 37.28 11.08 11.08 41540 41540 29.1122 1
O5V O5V 0.000001074 0.000001074 37.28 37.28 11.08 11.08 41540 41540 34.9564 1
O5V O5V 0.000001074 0.000001074 37.28 37.28 11.08 11.08 41540 41540 40.8006 1
O5V O5V 0.000001074 0.000001074 37.28 37.28 11.08 11.08 41540 41540 46.6448 1
O5V O5V 0.000001074 0.000001074 37.28 37.28 11.08 11.08 41540 41540 52.489 1
O5V O5V 0.000001074 0.000001074 37.28 37.28 11.08 11.08 41540 41540 539.367 1
O5V O5V 0.000001074 0.000001074 37.28 37.28 11.08 11.08 41540 41540 1026.244 1
O5V O5V 0.000001074 0.000001074 37.28 37.28 11.08 11.08 41540 41540 1513.122 1
O5V O5V 0.000001074 0.000001074 37.28 37.28 11.08 11.08 41540 41540 2000 1
O7V O5V 4.57088189615E-08 0.000001074 26.52 37.28 9.37 11.08 35531 41540 21.4725 1
O7V O5V 4.57088189615E-08 0.000001074 26.52 37.28 9.37 11.08 35531 41540 23.4638 1
O7V O5V 4.57088189615E-08 0.000001074 26.52 37.28 9.37 11.08 35531 41540 25.4551 1
O7V O5V 4.57088189615E-08 0.000001074 26.52 37.28 9.37 11.08 35531 41540 27.4464 1
O7V O5V 4.57088189615E-08 0.000001074 26.52 37.28 9.37 11.08 35531 41540 29.4377 1
O7V O5V 4.57088189615E-08 0.000001074 26.52 37.28 9.37 11.08 35531 41540 31.429 1
O7V O5V 4.57088189615E-08 0.000001074 26.52 37.28 9.37 11.08 35531 41540 523.572 1
O7V O5V 4.57088189615E-08 0.000001074 26.52 37.28 9.37 11.08 35531 41540 1015.715 1
O7V O5V 4.57088189615E-08 0.000001074 26.52 37.28 9.37 11.08 35531 41540 1507.857 1
O7V O5V 4.57088189615E-08 0.000001074 26.52 37.28 9.37 11.08 35531 41540 2000 1
O9V O5V 1.52054752973E-08 0.000001074 18.03 37.28 7.73 11.08 31524 41540 19.7505 1
O9V O5V 1.52054752973E-08 0.000001074 18.03 37.28 7.73 11.08 31524 41540 21.6192 1
O9V O5V 1.52054752973E-08 0.000001074 18.03 37.28 7.73 11.08 31524 41540 23.4879 1
O9V O5V 1.52054752973E-08 0.000001074 18.03 37.28 7.73 11.08 31524 41540 25.3566 1
O9V O5V 1.52054752973E-08 0.000001074 18.03 37.28 7.73 11.08 31524 41540 27.2253 1
O9V O5V 1.52054752973E-08 0.000001074 18.03 37.28 7.73 11.08 31524 41540 29.094 1
O9V O5V 1.52054752973E-08 0.000001074 18.03 37.28 7.73 11.08 31524 41540 521.821 1
O9V O5V 1.52054752973E-08 0.000001074 18.03 37.28 7.73 11.08 31524 41540 1014.547 1
O9V O5V 1.52054752973E-08 0.000001074 18.03 37.28 7.73 11.08 31524 41540 1507.274 1
O9V O5V 1.52054752973E-08 0.000001074 18.03 37.28 7.73 11.08 31524 41540 2000 1
O7III O5V 0.000000157 0.000001074 31.17 37.28 14.51 11.08 34638 41540 26.8695 1
O7III O5V 0.000000157 0.000001074 31.17 37.28 14.51 11.08 34638 41540 28.5346 1
O7III O5V 0.000000157 0.000001074 31.17 37.28 14.51 11.08 34638 41540 30.1997 1
O7III O5V 0.000000157 0.000001074 31.17 37.28 14.51 11.08 34638 41540 31.8648 1
O7III O5V 0.000000157 0.000001074 31.17 37.28 14.51 11.08 34638 41540 33.5299 1
O7III O5V 0.000000157 0.000001074 31.17 37.28 14.51 11.08 34638 41540 35.195 1
O7III O5V 0.000000157 0.000001074 31.17 37.28 14.51 11.08 34638 41540 526.396 1
O7III O5V 0.000000157 0.000001074 31.17 37.28 14.51 11.08 34638 41540 1017.598 1
O7III O5V 0.000000157 0.000001074 31.17 37.28 14.51 11.08 34638 41540 1508.799 1
O7III O5V 0.000000157 0.000001074 31.17 37.28 14.51 11.08 34638 41540 2000 1
O9III O5V 1.54170045295E-07 0.000001074 23.07 37.28 13.69 11.08 30737 41540 26.0085 1
O9III O5V 1.54170045295E-07 0.000001074 23.07 37.28 13.69 11.08 30737 41540 27.7306 1
O9III O5V 1.54170045295E-07 0.000001074 23.07 37.28 13.69 11.08 30737 41540 29.4527 1
O9III O5V 1.54170045295E-07 0.000001074 23.07 37.28 13.69 11.08 30737 41540 31.1748 1
O9III O5V 1.54170045295E-07 0.000001074 23.07 37.28 13.69 11.08 30737 41540 32.8969 1
O9III O5V 1.54170045295E-07 0.000001074 23.07 37.28 13.69 11.08 30737 41540 34.619 1
O9III O5V 1.54170045295E-07 0.000001074 23.07 37.28 13.69 11.08 30737 41540 525.965 1
O9III O5V 1.54170045295E-07 0.000001074 23.07 37.28 13.69 11.08 30737 41540 1017.31 1
O9III O5V 1.54170045295E-07 0.000001074 23.07 37.28 13.69 11.08 30737 41540 1508.655 1
O9III O5V 1.54170045295E-07 0.000001074 23.07 37.28 13.69 11.08 30737 41540 2000 1
O7I O5V 1.01157945426E-06 0.000001074 40.91 37.28 21.14 11.08 33326 41540 33.831 1
O7I O5V 1.01157945426E-06 0.000001074 40.91 37.28 21.14 11.08 33326 41540 36.7504 1
O7I O5V 1.01157945426E-06 0.000001074 40.91 37.28 21.14 11.08 33326 41540 39.6698 1
O7I O5V 1.01157945426E-06 0.000001074 40.91 37.28 21.14 11.08 33326 41540 42.5892 1
O7I O5V 1.01157945426E-06 0.000001074 40.91 37.28 21.14 11.08 33326 41540 45.5086 1
O7I O5V 1.01157945426E-06 0.000001074 40.91 37.28 21.14 11.08 33326 41540 48.428 1
O7I O5V 1.01157945426E-06 0.000001074 40.91 37.28 21.14 11.08 33326 41540 536.321 1
O7I O5V 1.01157945426E-06 0.000001074 40.91 37.28 21.14 11.08 33326 41540 1024.214 1
O7I O5V 1.01157945426E-06 0.000001074 40.91 37.28 21.14 11.08 33326 41540 1512.107 1
O7I O5V 1.01157945426E-06 0.000001074 40.91 37.28 21.14 11.08 33326 41540 2000 1
O9I O5V 4.12097519097E-07 0.000001074 31.95 37.28 22.6 11.08 29569 41540 35.364 1
O9I O5V 4.12097519097E-07 0.000001074 31.95 37.28 22.6 11.08 29569 41540 36.1682 1
O9I O5V 4.12097519097E-07 0.000001074 31.95 37.28 22.6 11.08 29569 41540 36.9724 1
O9I O5V 4.12097519097E-07 0.000001074 31.95 37.28 22.6 11.08 29569 41540 37.7766 1
O9I O5V 4.12097519097E-07 0.000001074 31.95 37.28 22.6 11.08 29569 41540 38.5808 1
O9I O5V 4.12097519097E-07 0.000001074 31.95 37.28 22.6 11.08 29569 41540 39.385 1
O9I O5V 4.12097519097E-07 0.000001074 31.95 37.28 22.6 11.08 29569 41540 529.539 1
O9I O5V 4.12097519097E-07 0.000001074 31.95 37.28 22.6 11.08 29569 41540 1019.692 1
O9I O5V 4.12097519097E-07 0.000001074 31.95 37.28 22.6 11.08 29569 41540 1509.846 1
O9I O5V 4.12097519097E-07 0.000001074 31.95 37.28 22.6 11.08 29569 41540 2000 1
O7V O7V 4.57088189615E-08 4.57088189615E-08 26.52 26.52 9.37 9.37 35531 35531 19.677 1
O7V O7V 4.57088189615E-08 4.57088189615E-08 26.52 26.52 9.37 9.37 35531 35531 21.636 1
O7V O7V 4.57088189615E-08 4.57088189615E-08 26.52 26.52 9.37 9.37 35531 35531 23.595 1
O7V O7V 4.57088189615E-08 4.57088189615E-08 26.52 26.52 9.37 9.37 35531 35531 25.554 1
O7V O7V 4.57088189615E-08 4.57088189615E-08 26.52 26.52 9.37 9.37 35531 35531 27.513 1
O7V O7V 4.57088189615E-08 4.57088189615E-08 26.52 26.52 9.37 9.37 35531 35531 29.472 1
O7V O7V 4.57088189615E-08 4.57088189615E-08 26.52 26.52 9.37 9.37 35531 35531 522.104 1
O7V O7V 4.57088189615E-08 4.57088189615E-08 26.52 26.52 9.37 9.37 35531 35531 1014.736 1
O7V O7V 4.57088189615E-08 4.57088189615E-08 26.52 26.52 9.37 9.37 35531 35531 1507.368 1
O7V O7V 4.57088189615E-08 4.57088189615E-08 26.52 26.52 9.37 9.37 35531 35531 2000 1
O9V O7V 1.52054752973E-08 4.57088189615E-08 18.03 26.52 7.73 9.37 31524 35531 17.955 1
O9V O7V 1.52054752973E-08 4.57088189615E-08 18.03 26.52 7.73 9.37 31524 35531 18.9292 1
O9V O7V 1.52054752973E-08 4.57088189615E-08 18.03 26.52 7.73 9.37 31524 35531 19.9034 1
O9V O7V 1.52054752973E-08 4.57088189615E-08 18.03 26.52 7.73 9.37 31524 35531 20.8776 1
O9V O7V 1.52054752973E-08 4.57088189615E-08 18.03 26.52 7.73 9.37 31524 35531 21.8518 1
O9V O7V 1.52054752973E-08 4.57088189615E-08 18.03 26.52 7.73 9.37 31524 35531 22.826 1
O9V O7V 1.52054752973E-08 4.57088189615E-08 18.03 26.52 7.73 9.37 31524 35531 517.12 1
O9V O7V 1.52054752973E-08 4.57088189615E-08 18.03 26.52 7.73 9.37 31524 35531 1011.413 1
O9V O7V 1.52054752973E-08 4.57088189615E-08 18.03 26.52 7.73 9.37 31524 35531 1505.707 1
O9V O7V 1.52054752973E-08 4.57088189615E-08 18.03 26.52 7.73 9.37 31524 35531 2000 1
O9V O9V 1.52054752973E-08 1.52054752973E-08 18.03 18.03 7.73 7.73 31524 31524 16.233 1
O9V O9V 1.52054752973E-08 1.52054752973E-08 18.03 18.03 7.73 7.73 31524 31524 17.6164 1
O9V O9V 1.52054752973E-08 1.52054752973E-08 18.03 18.03 7.73 7.73 31524 31524 18.9998 1
O9V O9V 1.52054752973E-08 1.52054752973E-08 18.03 18.03 7.73 7.73 31524 31524 20.3832 1
O9V O9V 1.52054752973E-08 1.52054752973E-08 18.03 18.03 7.73 7.73 31524 31524 21.7666 1
O9V O9V 1.52054752973E-08 1.52054752973E-08 18.03 18.03 7.73 7.73 31524 31524 23.15 1
O9V O9V 1.52054752973E-08 1.52054752973E-08 18.03 18.03 7.73 7.73 31524 31524 517.362 1
O9V O9V 1.52054752973E-08 1.52054752973E-08 18.03 18.03 7.73 7.73 31524 31524 1011.575 1
O9V O9V 1.52054752973E-08 1.52054752973E-08 18.03 18.03 7.73 7.73 31524 31524 1505.787 1
O9V O9V 1.52054752973E-08 1.52054752973E-08 18.03 18.03 7.73 7.73 31524 31524 2000 1
O3V O3III 2.28559880338E-06 3.58921934645E-06 58.34 58.62 13.84 16.57 44616 42942 31.9305 1
O3V O3III 2.28559880338E-06 3.58921934645E-06 58.34 58.62 13.84 16.57 44616 42942 42.7936 1
O3V O3III 2.28559880338E-06 3.58921934645E-06 58.34 58.62 13.84 16.57 44616 42942 53.6567 1
O3V O3III 2.28559880338E-06 3.58921934645E-06 58.34 58.62 13.84 16.57 44616 42942 64.5198 1
O3V O3III 2.28559880338E-06 3.58921934645E-06 58.34 58.62 13.84 16.57 44616 42942 75.3829 1
O3V O3III 2.28559880338E-06 3.58921934645E-06 58.34 58.62 13.84 16.57 44616 42942 86.246 1
O3V O3III 2.28559880338E-06 3.58921934645E-06 58.34 58.62 13.84 16.57 44616 42942 564.685 1
O3V O3III 2.28559880338E-06 3.58921934645E-06 58.34 58.62 13.84 16.57 44616 42942 1043.123 1
O3V O3III 2.28559880338E-06 3.58921934645E-06 58.34 58.62 13.84 16.57 44616 42942 1521.562 1
O3V O3III 2.28559880338E-06 3.58921934645E-06 58.34 58.62 13.84 16.57 44616 42942 2000 1
O5V O3III 0.000001074 3.58921934645E-06 37.28 58.62 11.08 16.57 41540 42942 29.0325 1
O5V O3III 0.000001074 3.58921934645E-06 37.28 58.62 11.08 16.57 41540 42942 37.7216 1
O5V O3III 0.000001074 3.58921934645E-06 37.28 58.62 11.08 16.57 41540 42942 46.4107 1
O5V O3III 0.000001074 3.58921934645E-06 37.28 58.62 11.08 16.57 41540 42942 55.0998 1
O5V O3III 0.000001074 3.58921934645E-06 37.28 58.62 11.08 16.57 41540 42942 63.7889 1
O5V O3III 0.000001074 3.58921934645E-06 37.28 58.62 11.08 16.57 41540 42942 72.478 1
O5V O3III 0.000001074 3.58921934645E-06 37.28 58.62 11.08 16.57 41540 42942 554.358 1
O5V O3III 0.000001074 3.58921934645E-06 37.28 58.62 11.08 16.57 41540 42942 1036.239 1
O5V O3III 0.000001074 3.58921934645E-06 37.28 58.62 11.08 16.57 41540 42942 1518.119 1
O5V O3III 0.000001074 3.58921934645E-06 37.28 58.62 11.08 16.57 41540 42942 2000 1
O7V O3III 4.57088189615E-08 3.58921934645E-06 26.52 58.62 9.37 16.57 35531 42942 27.237 1
O7V O3III 4.57088189615E-08 3.58921934645E-06 26.52 58.62 9.37 16.57 35531 42942 32.1936 1
O7V O3III 4.57088189615E-08 3.58921934645E-06 26.52 58.62 9.37 16.57 35531 42942 37.1502 1
O7V O3III 4.57088189615E-08 3.58921934645E-06 26.52 58.62 9.37 16.57 35531 42942 42.1068 1
O7V O3III 4.57088189615E-08 3.58921934645E-06 26.52 58.62 9.37 16.57 35531 42942 47.0634 1
O7V O3III 4.57088189615E-08 3.58921934645E-06 26.52 58.62 9.37 16.57 35531 42942 52.02 1
O7V O3III 4.57088189615E-08 3.58921934645E-06 26.52 58.62 9.37 16.57 35531 42942 539.015 1
O7V O3III 4.57088189615E-08 3.58921934645E-06 26.52 58.62 9.37 16.57 35531 42942 1026.01 1
O7V O3III 4.57088189615E-08 3.58921934645E-06 26.52 58.62 9.37 16.57 35531 42942 1513.005 1
O7V O3III 4.57088189615E-08 3.58921934645E-06 26.52 58.62 9.37 16.57 35531 42942 2000 1
O9V O3III 1.52054752973E-08 3.58921934645E-06 18.03 58.62 7.73 16.57 31524 42942 25.515 1
O9V O3III 1.52054752973E-08 3.58921934645E-06 18.03 58.62 7.73 16.57 31524 42942 30.3592 1
O9V O3III 1.52054752973E-08 3.58921934645E-06 18.03 58.62 7.73 16.57 31524 42942 35.2034 1
O9V O3III 1.52054752973E-08 3.58921934645E-06 18.03 58.62 7.73 16.57 31524 42942 40.0476 1
O9V O3III 1.52054752973E-08 3.58921934645E-06 18.03 58.62 7.73 16.57 31524 42942 44.8918 1
O9V O3III 1.52054752973E-08 3.58921934645E-06 18.03 58.62 7.73 16.57 31524 42942 49.736 1
O9V O3III 1.52054752973E-08 3.58921934645E-06 18.03 58.62 7.73 16.57 31524 42942 537.302 1
O9V O3III 1.52054752973E-08 3.58921934645E-06 18.03 58.62 7.73 16.57 31524 42942 1024.868 1
O9V O3III 1.52054752973E-08 3.58921934645E-06 18.03 58.62 7.73 16.57 31524 42942 1512.434 1
O9V O3III 1.52054752973E-08 3.58921934645E-06 18.03 58.62 7.73 16.57 31524 42942 2000 1
O3III O3III 3.58921934645E-06 3.58921934645E-06 58.62 58.62 16.57 16.57 42942 42942 34.797 1
O3III O3III 3.58921934645E-06 3.58921934645E-06 58.62 58.62 16.57 16.57 42942 42942 46.6572 1
O3III O3III 3.58921934645E-06 3.58921934645E-06 58.62 58.62 16.57 16.57 42942 42942 58.5174 1
O3III O3III 3.58921934645E-06 3.58921934645E-06 58.62 58.62 16.57 16.57 42942 42942 70.3776 1
O3III O3III 3.58921934645E-06 3.58921934645E-06 58.62 58.62 16.57 16.57 42942 42942 82.2378 1
O3III O3III 3.58921934645E-06 3.58921934645E-06 58.62 58.62 16.57 16.57 42942 42942 94.098 1
O3III O3III 3.58921934645E-06 3.58921934645E-06 58.62 58.62 16.57 16.57 42942 42942 570.574 1
O3III O3III 3.58921934645E-06 3.58921934645E-06 58.62 58.62 16.57 16.57 42942 42942 1047.049 1
O3III O3III 3.58921934645E-06 3.58921934645E-06 58.62 58.62 16.57 16.57 42942 42942 1523.525 1
O3III O3III 3.58921934645E-06 3.58921934645E-06 58.62 58.62 16.57 16.57 42942 42942 2000 1
O5III O3III 2.34422881532E-06 3.58921934645E-06 41.48 58.62 15.26 16.57 39507 42942 33.4215 1
O5III O3III 2.34422881532E-06 3.58921934645E-06 41.48 58.62 15.26 16.57 39507 42942 43.2576 1
O5III O3III 2.34422881532E-06 3.58921934645E-06 41.48 58.62 15.26 16.57 39507 42942 53.0937 1
O5III O3III 2.34422881532E-06 3.58921934645E-06 41.48 58.62 15.26 16.57 39507 42942 62.9298 1
O5III O3III 2.34422881532E-06 3.58921934645E-06 41.48 58.62 15.26 16.57 39507 42942 72.7659 1
O5III O3III 2.34422881532E-06 3.58921934645E-06 41.48 58.62 15.26 16.57 39507 42942 82.602 1
O5III O3III 2.34422881532E-06 3.58921934645E-06 41.48 58.62 15.26 16.57 39507 42942 561.952 1
O5III O3III 2.34422881532E-06 3.58921934645E-06 41.48 58.62 15.26 16.57 39507 42942 1041.301 1
O5III O3III 2.34422881532E-06 3.58921934645E-06 41.48 58.62 15.26 16.57 39507 42942 1520.651 1
O5III O3III 2.34422881532E-06 3.58921934645E-06 41.48 58.62 15.26 16.57 39507 42942 2000 1
O7III O3III 0.000000157 3.58921934645E-06 31.17 58.62 14.51 16.57 34638 42942 32.634 1
O7III O3III 0.000000157 3.58921934645E-06 31.17 58.62 14.51 16.57 34638 42942 37.2552 1
O7III O3III 0.000000157 3.58921934645E-06 31.17 58.62 14.51 16.57 34638 42942 41.8764 1
O7III O3III 0.000000157 3.58921934645E-06 31.17 58.62 14.51 16.57 34638 42942 46.4976 1
O7III O3III 0.000000157 3.58921934645E-06 31.17 58.62 14.51 16.57 34638 42942 51.1188 1
O7III O3III 0.000000157 3.58921934645E-06 31.17 58.62 14.51 16.57 34638 42942 55.74 1
O7III O3III 0.000000157 3.58921934645E-06 31.17 58.62 14.51 16.57 34638 42942 541.805 1
O7III O3III 0.000000157 3.58921934645E-06 31.17 58.62 14.51 16.57 34638 42942 1027.87 1
O7III O3III 0.000000157 3.58921934645E-06 31.17 58.62 14.51 16.57 34638 42942 1513.935 1
O7III O3III 0.000000157 3.58921934645E-06 31.17 58.62 14.51 16.57 34638 42942 2000 1
O9III O3III 1.54170045295E-07 3.58921934645E-06 23.07 58.62 13.69 16.57 30737 42942 31.773 1
O9III O3III 1.54170045295E-07 3.58921934645E-06 23.07 58.62 13.69 16.57 30737 42942 36.4374 1
O9III O3III 1.54170045295E-07 3.58921934645E-06 23.07 58.62 13.69 16.57 30737 42942 41.1018 1
O9III O3III 1.54170045295E-07 3.58921934645E-06 23.07 58.62 13.69 16.57 30737 42942 45.7662 1
O9III O3III 1.54170045295E-07 3.58921934645E-06 23.07 58.62 13.69 16.57 30737 42942 50.4306 1
O9III O3III 1.54170045295E-07 3.58921934645E-06 23.07 58.62 13.69 16.57 30737 42942 55.095 1
O9III O3III 1.54170045295E-07 3.58921934645E-06 23.07 58.62 13.69 16.57 30737 42942 541.321 1
O9III O3III 1.54170045295E-07 3.58921934645E-06 23.07 58.62 13.69 16.57 30737 42942 1027.547 1
O9III O3III 1.54170045295E-07 3.58921934645E-06 23.07 58.62 13.69 16.57 30737 42942 1513.774 1
O9III O3III 1.54170045295E-07 3.58921934645E-06 23.07 58.62 13.69 16.57 30737 42942 2000 1
O5I O3III 2.7478941531E-06 3.58921934645E-06 50.87 58.62 19.48 16.57 38520 42942 37.8525 1
O5I O3III 2.7478941531E-06 3.58921934645E-06 50.87 58.62 19.48 16.57 38520 42942 47.3248 1
O5I O3III 2.7478941531E-06 3.58921934645E-06 50.87 58.62 19.48 16.57 38520 42942 56.7971 1
O5I O3III 2.7478941531E-06 3.58921934645E-06 50.87 58.62 19.48 16.57 38520 42942 66.2694 1
O5I O3III 2.7478941531E-06 3.58921934645E-06 50.87 58.62 19.48 16.57 38520 42942 75.7417 1
O5I O3III 2.7478941531E-06 3.58921934645E-06 50.87 58.62 19.48 16.57 38520 42942 85.214 1
O5I O3III 2.7478941531E-06 3.58921934645E-06 50.87 58.62 19.48 16.57 38520 42942 563.91 1
O5I O3III 2.7478941531E-06 3.58921934645E-06 50.87 58.62 19.48 16.57 38520 42942 1042.607 1
O5I O3III 2.7478941531E-06 3.58921934645E-06 50.87 58.62 19.48 16.57 38520 42942 1521.303 1
O5I O3III 2.7478941531E-06 3.58921934645E-06 50.87 58.62 19.48 16.57 38520 42942 2000 1
O7I O3III 1.01157945426E-06 3.58921934645E-06 40.91 58.62 21.14 16.57 33326 42942 39.5955 1
O7I O3III 1.01157945426E-06 3.58921934645E-06 40.91 58.62 21.14 16.57 33326 42942 45.3774 1
O7I O3III 1.01157945426E-06 3.58921934645E-06 40.91 58.62 21.14 16.57 33326 42942 51.1593 1
O7I O3III 1.01157945426E-06 3.58921934645E-06 40.91 58.62 21.14 16.57 33326 42942 56.9412 1
O7I O3III 1.01157945426E-06 3.58921934645E-06 40.91 58.62 21.14 16.57 33326 42942 62.7231 1
O7I O3III 1.01157945426E-06 3.58921934645E-06 40.91 58.62 21.14 16.57 33326 42942 68.505 1
O7I O3III 1.01157945426E-06 3.58921934645E-06 40.91 58.62 21.14 16.57 33326 42942 551.378 1
O7I O3III 1.01157945426E-06 3.58921934645E-06 40.91 58.62 21.14 16.57 33326 42942 1034.252 1
O7I O3III 1.01157945426E-06 3.58921934645E-06 40.91 58.62 21.14 16.57 33326 42942 1517.126 1
O7I O3III 1.01157945426E-06 3.58921934645E-06 40.91 58.62 21.14 16.57 33326 42942 2000 1
O9I O3III 4.12097519097E-07 3.58921934645E-06 31.95 58.62 22.6 16.57 29569 42942 41.1285 1
O9I O3III 4.12097519097E-07 3.58921934645E-06 31.95 58.62 22.6 16.57 29569 42942 44.8424 1
O9I O3III 4.12097519097E-07 3.58921934645E-06 31.95 58.62 22.6 16.57 29569 42942 48.5563 1
O9I O3III 4.12097519097E-07 3.58921934645E-06 31.95 58.62 22.6 16.57 29569 42942 52.2702 1
O9I O3III 4.12097519097E-07 3.58921934645E-06 31.95 58.62 22.6 16.57 29569 42942 55.9841 1
O9I O3III 4.12097519097E-07 3.58921934645E-06 31.95 58.62 22.6 16.57 29569 42942 59.698 1
O9I O3III 4.12097519097E-07 3.58921934645E-06 31.95 58.62 22.6 16.57 29569 42942 544.774 1
O9I O3III 4.12097519097E-07 3.58921934645E-06 31.95 58.62 22.6 16.57 29569 42942 1029.849 1
O9I O3III 4.12097519097E-07 3.58921934645E-06 31.95 58.62 22.6 16.57 29569 42942 1514.925 1
O9I O3III 4.12097519097E-07 3.58921934645E-06 31.95 58.62 22.6 16.57 29569 42942 2000 1
O5V O5III 0.000001074 2.34422881532E-06 37.28 41.48 11.08 15.26 41540 39507 27.657 1
O5V O5III 0.000001074 2.34422881532E-06 37.28 41.48 11.08 15.26 41540 39507 37.7992 1
O5V O5III 0.000001074 2.34422881532E-06 37.28 41.48 11.08 15.26 41540 39507 47.9414 1
O5V O5III 0.000001074 2.34422881532E-06 37.28 41.48 11.08 15.26 41540 39507 58.0836 1
O5V O5III 0.000001074 2.34422881532E-06 37.28 41.48 11.08 15.26 41540 39507 68.2258 1
O5V O5III 0.000001074 2.34422881532E-06 37.28 41.48 11.08 15.26 41540 39507 78.368 1
O5V O5III 0.000001074 2.34422881532E-06 37.28 41.48 11.08 15.26 41540 39507 558.776 1
O5V O5III 0.000001074 2.34422881532E-06 37.28 41.48 11.08 15.26 41540 39507 1039.184 1
O5V O5III 0.000001074 2.34422881532E-06 37.28 41.48 11.08 15.26 41540 39507 1519.592 1
O5V O5III 0.000001074 2.34422881532E-06 37.28 41.48 11.08 15.26 41540 39507 2000 1
O7V O5III 4.57088189615E-08 2.34422881532E-06 26.52 41.48 9.37 15.26 35531 39507 25.8615 1
O7V O5III 4.57088189615E-08 2.34422881532E-06 26.52 41.48 9.37 15.26 35531 39507 31.1204 1
O7V O5III 4.57088189615E-08 2.34422881532E-06 26.52 41.48 9.37 15.26 35531 39507 36.3793 1
O7V O5III 4.57088189615E-08 2.34422881532E-06 26.52 41.48 9.37 15.26 35531 39507 41.6382 1
O7V O5III 4.57088189615E-08 2.34422881532E-06 26.52 41.48 9.37 15.26 35531 39507 46.8971 1
O7V O5III 4.57088189615E-08 2.34422881532E-06 26.52 41.48 9.37 15.26 35531 39507 52.156 1
O7V O5III 4.57088189615E-08 2.34422881532E-06 26.52 41.48 9.37 15.26 35531 39507 539.117 1
O7V O5III 4.57088189615E-08 2.34422881532E-06 26.52 41.48 9.37 15.26 35531 39507 1026.078 1
O7V O5III 4.57088189615E-08 2.34422881532E-06 26.52 41.48 9.37 15.26 35531 39507 1513.039 1
O7V O5III 4.57088189615E-08 2.34422881532E-06 26.52 41.48 9.37 15.26 35531 39507 2000 1
O9V O5III 1.52054752973E-08 2.34422881532E-06 18.03 41.48 7.73 15.26 31524 39507 24.1395 1
O9V O5III 1.52054752973E-08 2.34422881532E-06 18.03 41.48 7.73 15.26 31524 39507 29.1688 1
O9V O5III 1.52054752973E-08 2.34422881532E-06 18.03 41.48 7.73 15.26 31524 39507 34.1981 1
O9V O5III 1.52054752973E-08 2.34422881532E-06 18.03 41.48 7.73 15.26 31524 39507 39.2274 1
O9V O5III 1.52054752973E-08 2.34422881532E-06 18.03 41.48 7.73 15.26 31524 39507 44.2567 1
O9V O5III 1.52054752973E-08 2.34422881532E-06 18.03 41.48 7.73 15.26 31524 39507 49.286 1
O9V O5III 1.52054752973E-08 2.34422881532E-06 18.03 41.48 7.73 15.26 31524 39507 536.965 1
O9V O5III 1.52054752973E-08 2.34422881532E-06 18.03 41.48 7.73 15.26 31524 39507 1024.643 1
O9V O5III 1.52054752973E-08 2.34422881532E-06 18.03 41.48 7.73 15.26 31524 39507 1512.322 1
O9V O5III 1.52054752973E-08 2.34422881532E-06 18.03 41.48 7.73 15.26 31524 39507 2000 1
O5III O5III 2.34422881532E-06 2.34422881532E-06 41.48 41.48 15.26 15.26 39507 39507 32.046 1
O5III O5III 2.34422881532E-06 2.34422881532E-06 41.48 41.48 15.26 15.26 39507 39507 43.934 1
O5III O5III 2.34422881532E-06 2.34422881532E-06 41.48 41.48 15.26 15.26 39507 39507 55.822 1
O5III O5III 2.34422881532E-06 2.34422881532E-06 41.48 41.48 15.26 15.26 39507 39507 67.71 1
O5III O5III 2.34422881532E-06 2.34422881532E-06 41.48 41.48 15.26 15.26 39507 39507 79.598 1
O5III O5III 2.34422881532E-06 2.34422881532E-06 41.48 41.48 15.26 15.26 39507 39507 91.486 1
O5III O5III 2.34422881532E-06 2.34422881532E-06 41.48 41.48 15.26 15.26 39507 39507 568.614 1
O5III O5III 2.34422881532E-06 2.34422881532E-06 41.48 41.48 15.26 15.26 39507 39507 1045.743 1
O5III O5III 2.34422881532E-06 2.34422881532E-06 41.48 41.48 15.26 15.26 39507 39507 1522.871 1
O5III O5III 2.34422881532E-06 2.34422881532E-06 41.48 41.48 15.26 15.26 39507 39507 2000 1
O7III O5III 0.000000157 2.34422881532E-06 31.17 41.48 14.51 15.26 34638 39507 31.2585 1
O7III O5III 0.000000157 2.34422881532E-06 31.17 41.48 14.51 15.26 34638 39507 36.3816 1
O7III O5III 0.000000157 2.34422881532E-06 31.17 41.48 14.51 15.26 34638 39507 41.5047 1
O7III O5III 0.000000157 2.34422881532E-06 31.17 41.48 14.51 15.26 34638 39507 46.6278 1
O7III O5III 0.000000157 2.34422881532E-06 31.17 41.48 14.51 15.26 34638 39507 51.7509 1
O7III O5III 0.000000157 2.34422881532E-06 31.17 41.48 14.51 15.26 34638 39507 56.874 1
O7III O5III 0.000000157 2.34422881532E-06 31.17 41.48 14.51 15.26 34638 39507 542.656 1
O7III O5III 0.000000157 2.34422881532E-06 31.17 41.48 14.51 15.26 34638 39507 1028.437 1
O7III O5III 0.000000157 2.34422881532E-06 31.17 41.48 14.51 15.26 34638 39507 1514.219 1
O7III O5III 0.000000157 2.34422881532E-06 31.17 41.48 14.51 15.26 34638 39507 2000 1
O9III O5III 1.54170045295E-07 2.34422881532E-06 23.07 41.48 13.69 15.26 30737 39507 30.3975 1
O9III O5III 1.54170045295E-07 2.34422881532E-06 23.07 41.48 13.69 15.26 30737 39507 35.5374 1
O9III O5III 1.54170045295E-07 2.34422881532E-06 23.07 41.48 13.69 15.26 30737 39507 40.6773 1
O9III O5III 1.54170045295E-07 2.34422881532E-06 23.07 41.48 13.69 15.26 30737 39507 45.8172 1
O9III O5III 1.54170045295E-07 2.34422881532E-06 23.07 41.48 13.69 15.26 30737 39507 50.9571 1
O9III O5III 1.54170045295E-07 2.34422881532E-06 23.07 41.48 13.69 15.26 30737 39507 56.097 1
O9III O5III 1.54170045295E-07 2.34422881532E-06 23.07 41.48 13.69 15.26 30737 39507 542.073 1
O9III O5III 1.54170045295E-07 2.34422881532E-06 23.07 41.48 13.69 15.26 30737 39507 1028.049 1
O9III O5III 1.54170045295E-07 2.34422881532E-06 23.07 41.48 13.69 15.26 30737 39507 1514.024 1
O9III O5III 1.54170045295E-07 2.34422881532E-06 23.07 41.48 13.69 15.26 30737 39507 2000 1
O7I O5III 1.01157945426E-06 2.34422881532E-06 40.91 41.48 21.14 15.26 33326 39507 38.22 1
O7I O5III 1.01157945426E-06 2.34422881532E-06 40.91 41.48 21.14 15.26 33326 39507 45.2368 1
O7I O5III 1.01157945426E-06 2.34422881532E-06 40.91 41.48 21.14 15.26 33326 39507 52.2536 1
O7I O5III 1.01157945426E-06 2.34422881532E-06 40.91 41.48 21.14 15.26 33326 39507 59.2704 1
O7I O5III 1.01157945426E-06 2.34422881532E-06 40.91 41.48 21.14 15.26 33326 39507 66.2872 1
O7I O5III 1.01157945426E-06 2.34422881532E-06 40.91 41.48 21.14 15.26 33326 39507 73.304 1
O7I O5III 1.01157945426E-06 2.34422881532E-06 40.91 41.48 21.14 15.26 33326 39507 554.978 1
O7I O5III 1.01157945426E-06 2.34422881532E-06 40.91 41.48 21.14 15.26 33326 39507 1036.652 1
O7I O5III 1.01157945426E-06 2.34422881532E-06 40.91 41.48 21.14 15.26 33326 39507 1518.326 1
O7I O5III 1.01157945426E-06 2.34422881532E-06 40.91 41.48 21.14 15.26 33326 39507 2000 1
O9I O5III 4.12097519097E-07 2.34422881532E-06 31.95 41.48 22.6 15.26 29569 39507 39.753 1
O9I O5III 4.12097519097E-07 2.34422881532E-06 31.95 41.48 22.6 15.26 29569 39507 44.2096 1
O9I O5III 4.12097519097E-07 2.34422881532E-06 31.95 41.48 22.6 15.26 29569 39507 48.6662 1
O9I O5III 4.12097519097E-07 2.34422881532E-06 31.95 41.48 22.6 15.26 29569 39507 53.1228 1
O9I O5III 4.12097519097E-07 2.34422881532E-06 31.95 41.48 22.6 15.26 29569 39507 57.5794 1
O9I O5III 4.12097519097E-07 2.34422881532E-06 31.95 41.48 22.6 15.26 29569 39507 62.036 1
O9I O5III 4.12097519097E-07 2.34422881532E-06 31.95 41.48 22.6 15.26 29569 39507 546.527 1
O9I O5III 4.12097519097E-07 2.34422881532E-06 31.95 41.48 22.6 15.26 29569 39507 1031.018 1
O9I O5III 4.12097519097E-07 2.34422881532E-06 31.95 41.48 22.6 15.26 29569 39507 1515.509 1
O9I O5III 4.12097519097E-07 2.34422881532E-06 31.95 41.48 22.6 15.26 29569 39507 2000 1
O7V O7III 4.57088189615E-08 0.000000157 26.52 31.17 9.37 14.51 35531 34638 25.074 1
O7V O7III 4.57088189615E-08 0.000000157 26.52 31.17 9.37 14.51 35531 34638 28.5816 1
O7V O7III 4.57088189615E-08 0.000000157 26.52 31.17 9.37 14.51 35531 34638 32.0892 1
O7V O7III 4.57088189615E-08 0.000000157 26.52 31.17 9.37 14.51 35531 34638 35.5968 1
O7V O7III 4.57088189615E-08 0.000000157 26.52 31.17 9.37 14.51 35531 34638 39.1044 1
O7V O7III 4.57088189615E-08 0.000000157 26.52 31.17 9.37 14.51 35531 34638 42.612 1
O7V O7III 4.57088189615E-08 0.000000157 26.52 31.17 9.37 14.51 35531 34638 531.959 1
O7V O7III 4.57088189615E-08 0.000000157 26.52 31.17 9.37 14.51 35531 34638 1021.306 1
O7V O7III 4.57088189615E-08 0.000000157 26.52 31.17 9.37 14.51 35531 34638 1510.653 1
O7V O7III 4.57088189615E-08 0.000000157 26.52 31.17 9.37 14.51 35531 34638 2000 1
O9V O7III 1.52054752973E-08 0.000000157 18.03 31.17 7.73 14.51 31524 34638 23.352 1
O9V O7III 1.52054752973E-08 0.000000157 18.03 31.17 7.73 14.51 31524 34638 25.8006 1
O9V O7III 1.52054752973E-08 0.000000157 18.03 31.17 7.73 14.51 31524 34638 28.2492 1
O9V O7III 1.52054752973E-08 0.000000157 18.03 31.17 7.73 14.51 31524 34638 30.6978 1
O9V O7III 1.52054752973E-08 0.000000157 18.03 31.17 7.73 14.51 31524 34638 33.1464 1
O9V O7III 1.52054752973E-08 0.000000157 18.03 31.17 7.73 14.51 31524 34638 35.595 1
O9V O7III 1.52054752973E-08 0.000000157 18.03 31.17 7.73 14.51 31524 34638 526.696 1
O9V O7III 1.52054752973E-08 0.000000157 18.03 31.17 7.73 14.51 31524 34638 1017.797 1
O9V O7III 1.52054752973E-08 0.000000157 18.03 31.17 7.73 14.51 31524 34638 1508.899 1
O9V O7III 1.52054752973E-08 0.000000157 18.03 31.17 7.73 14.51 31524 34638 2000 1
O7III O7III 0.000000157 0.000000157 31.17 31.17 14.51 14.51 34638 34638 30.471 1
O7III O7III 0.000000157 0.000000157 31.17 31.17 14.51 14.51 34638 34638 35.1848 1
O7III O7III 0.000000157 0.000000157 31.17 31.17 14.51 14.51 34638 34638 39.8986 1
O7III O7III 0.000000157 0.000000157 31.17 31.17 14.51 14.51 34638 34638 44.6124 1
O7III O7III 0.000000157 0.000000157 31.17 31.17 14.51 14.51 34638 34638 49.3262 1
O7III O7III 0.000000157 0.000000157 31.17 31.17 14.51 14.51 34638 34638 54.04 1
O7III O7III 0.000000157 0.000000157 31.17 31.17 14.51 14.51 34638 34638 540.53 1
O7III O7III 0.000000157 0.000000157 31.17 31.17 14.51 14.51 34638 34638 1027.02 1
O7III O7III 0.000000157 0.000000157 31.17 31.17 14.51 14.51 34638 34638 1513.51 1
O7III O7III 0.000000157 0.000000157 31.17 31.17 14.51 14.51 34638 34638 2000 1
O9III O7III 1.54170045295E-07 0.000000157 23.07 31.17 13.69 14.51 30737 34638 29.61 1
O9III O7III 1.54170045295E-07 0.000000157 23.07 31.17 13.69 14.51 30737 34638 34.1296 1
O9III O7III 1.54170045295E-07 0.000000157 23.07 31.17 13.69 14.51 30737 34638 38.6492 1
O9III O7III 1.54170045295E-07 0.000000157 23.07 31.17 13.69 14.51 30737 34638 43.1688 1
O9III O7III 1.54170045295E-07 0.000000157 23.07 31.17 13.69 14.51 30737 34638 47.6884 1
O9III O7III 1.54170045295E-07 0.000000157 23.07 31.17 13.69 14.51 30737 34638 52.208 1
O9III O7III 1.54170045295E-07 0.000000157 23.07 31.17 13.69 14.51 30737 34638 539.156 1
O9III O7III 1.54170045295E-07 0.000000157 23.07 31.17 13.69 14.51 30737 34638 1026.104 1
O9III O7III 1.54170045295E-07 0.000000157 23.07 31.17 13.69 14.51 30737 34638 1513.052 1
O9III O7III 1.54170045295E-07 0.000000157 23.07 31.17 13.69 14.51 30737 34638 2000 1
O7V O9III 4.57088189615E-08 1.54170045295E-07 26.52 23.07 9.37 13.69 35531 30737 24.213 1
O7V O9III 4.57088189615E-08 1.54170045295E-07 26.52 23.07 9.37 13.69 35531 30737 28.3746 1
O7V O9III 4.57088189615E-08 1.54170045295E-07 26.52 23.07 9.37 13.69 35531 30737 32.5362 1
O7V O9III 4.57088189615E-08 1.54170045295E-07 26.52 23.07 9.37 13.69 35531 30737 36.6978 1
O7V O9III 4.57088189615E-08 1.54170045295E-07 26.52 23.07 9.37 13.69 35531 30737 40.8594 1
O7V O9III 4.57088189615E-08 1.54170045295E-07 26.52 23.07 9.37 13.69 35531 30737 45.021 1
O7V O9III 4.57088189615E-08 1.54170045295E-07 26.52 23.07 9.37 13.69 35531 30737 533.766 1
O7V O9III 4.57088189615E-08 1.54170045295E-07 26.52 23.07 9.37 13.69 35531 30737 1022.51 1
O7V O9III 4.57088189615E-08 1.54170045295E-07 26.52 23.07 9.37 13.69 35531 30737 1511.255 1
O7V O9III 4.57088189615E-08 1.54170045295E-07 26.52 23.07 9.37 13.69 35531 30737 2000 1
O9V O9III 1.52054752973E-08 1.54170045295E-07 18.03 23.07 7.73 13.69 31524 30737 22.491 1
O9V O9III 1.52054752973E-08 1.54170045295E-07 18.03 23.07 7.73 13.69 31524 30737 25.4394 1
O9V O9III 1.52054752973E-08 1.54170045295E-07 18.03 23.07 7.73 13.69 31524 30737 28.3878 1
O9V O9III 1.52054752973E-08 1.54170045295E-07 18.03 23.07 7.73 13.69 31524 30737 31.3362 1
O9V O9III 1.52054752973E-08 1.54170045295E-07 18.03 23.07 7.73 13.69 31524 30737 34.2846 1
O9V O9III 1.52054752973E-08 1.54170045295E-07 18.03 23.07 7.73 13.69 31524 30737 37.233 1
O9V O9III 1.52054752973E-08 1.54170045295E-07 18.03 23.07 7.73 13.69 31524 30737 527.925 1
O9V O9III 1.52054752973E-08 1.54170045295E-07 18.03 23.07 7.73 13.69 31524 30737 1018.616 1
O9V O9III 1.52054752973E-08 1.54170045295E-07 18.03 23.07 7.73 13.69 31524 30737 1509.308 1
O9V O9III 1.52054752973E-08 1.54170045295E-07 18.03 23.07 7.73 13.69 31524 30737 2000 1
O9III O9III 1.54170045295E-07 1.54170045295E-07 23.07 23.07 13.69 13.69 30737 30737 28.749 1
O9III O9III 1.54170045295E-07 1.54170045295E-07 23.07 23.07 13.69 13.69 30737 30737 34.1084 1
O9III O9III 1.54170045295E-07 1.54170045295E-07 23.07 23.07 13.69 13.69 30737 30737 39.4678 1
O9III O9III 1.54170045295E-07 1.54170045295E-07 23.07 23.07 13.69 13.69 30737 30737 44.8272 1
O9III O9III 1.54170045295E-07 1.54170045295E-07 23.07 23.07 13.69 13.69 30737 30737 50.1866 1
O9III O9III 1.54170045295E-07 1.54170045295E-07 23.07 23.07 13.69 13.69 30737 30737 55.546 1
O9III O9III 1.54170045295E-07 1.54170045295E-07 23.07 23.07 13.69 13.69 30737 30737 541.659 1
O9III O9III 1.54170045295E-07 1.54170045295E-07 23.07 23.07 13.69 13.69 30737 30737 1027.773 1
O9III O9III 1.54170045295E-07 1.54170045295E-07 23.07 23.07 13.69 13.69 30737 30737 1513.886 1
O9III O9III 1.54170045295E-07 1.54170045295E-07 23.07 23.07 13.69 13.69 30737 30737 2000 1
O3V O3I 2.28559880338E-06 4.49779854893E-06 58.34 66.89 13.84 18.47 44616 42551 33.9255 1
O3V O3I 2.28559880338E-06 4.49779854893E-06 58.34 66.89 13.84 18.47 44616 42551 45.7714 1
O3V O3I 2.28559880338E-06 4.49779854893E-06 58.34 66.89 13.84 18.47 44616 42551 57.6173 1
O3V O3I 2.28559880338E-06 4.49779854893E-06 58.34 66.89 13.84 18.47 44616 42551 69.4632 1
O3V O3I 2.28559880338E-06 4.49779854893E-06 58.34 66.89 13.84 18.47 44616 42551 81.3091 1
O3V O3I 2.28559880338E-06 4.49779854893E-06 58.34 66.89 13.84 18.47 44616 42551 93.155 1
O3V O3I 2.28559880338E-06 4.49779854893E-06 58.34 66.89 13.84 18.47 44616 42551 569.867 1
O3V O3I 2.28559880338E-06 4.49779854893E-06 58.34 66.89 13.84 18.47 44616 42551 1046.578 1
O3V O3I 2.28559880338E-06 4.49779854893E-06 58.34 66.89 13.84 18.47 44616 42551 1523.289 1
O3V O3I 2.28559880338E-06 4.49779854893E-06 58.34 66.89 13.84 18.47 44616 42551 2000 1
O5V O3I 0.000001074 4.49779854893E-06 37.28 66.89 11.08 18.47 41540 42551 31.0275 1
O5V O3I 0.000001074 4.49779854893E-06 37.28 66.89 11.08 18.47 41540 42551 40.6628 1
O5V O3I 0.000001074 4.49779854893E-06 37.28 66.89 11.08 18.47 41540 42551 50.2981 1
O5V O3I 0.000001074 4.49779854893E-06 37.28 66.89 11.08 18.47 41540 42551 59.9334 1
O5V O3I 0.000001074 4.49779854893E-06 37.28 66.89 11.08 18.47 41540 42551 69.5687 1
O5V O3I 0.000001074 4.49779854893E-06 37.28 66.89 11.08 18.47 41540 42551 79.204 1
O5V O3I 0.000001074 4.49779854893E-06 37.28 66.89 11.08 18.47 41540 42551 559.403 1
O5V O3I 0.000001074 4.49779854893E-06 37.28 66.89 11.08 18.47 41540 42551 1039.602 1
O5V O3I 0.000001074 4.49779854893E-06 37.28 66.89 11.08 18.47 41540 42551 1519.801 1
O5V O3I 0.000001074 4.49779854893E-06 37.28 66.89 11.08 18.47 41540 42551 2000 1
O7V O3I 4.57088189615E-08 4.49779854893E-06 26.52 66.89 9.37 18.47 35531 42551 29.232 1
O7V O3I 4.57088189615E-08 4.49779854893E-06 26.52 66.89 9.37 18.47 35531 42551 35.104 1
O7V O3I 4.57088189615E-08 4.49779854893E-06 26.52 66.89 9.37 18.47 35531 42551 40.976 1
O7V O3I 4.57088189615E-08 4.49779854893E-06 26.52 66.89 9.37 18.47 35531 42551 46.848 1
O7V O3I 4.57088189615E-08 4.49779854893E-06 26.52 66.89 9.37 18.47 35531 42551 52.72 1
O7V O3I 4.57088189615E-08 4.49779854893E-06 26.52 66.89 9.37 18.47 35531 42551 58.592 1
O7V O3I 4.57088189615E-08 4.49779854893E-06 26.52 66.89 9.37 18.47 35531 42551 543.944 1
O7V O3I 4.57088189615E-08 4.49779854893E-06 26.52 66.89 9.37 18.47 35531 42551 1029.296 1
O7V O3I 4.57088189615E-08 4.49779854893E-06 26.52 66.89 9.37 18.47 35531 42551 1514.648 1
O7V O3I 4.57088189615E-08 4.49779854893E-06 26.52 66.89 9.37 18.47 35531 42551 2000 1
O9V O3I 1.52054752973E-08 4.49779854893E-06 18.03 66.89 7.73 18.47 31524 42551 27.51 1
O9V O3I 1.52054752973E-08 4.49779854893E-06 18.03 66.89 7.73 18.47 31524 42551 33.2652 1
O9V O3I 1.52054752973E-08 4.49779854893E-06 18.03 66.89 7.73 18.47 31524 42551 39.0204 1
O9V O3I 1.52054752973E-08 4.49779854893E-06 18.03 66.89 7.73 18.47 31524 42551 44.7756 1
O9V O3I 1.52054752973E-08 4.49779854893E-06 18.03 66.89 7.73 18.47 31524 42551 50.5308 1
O9V O3I 1.52054752973E-08 4.49779854893E-06 18.03 66.89 7.73 18.47 31524 42551 56.286 1
O9V O3I 1.52054752973E-08 4.49779854893E-06 18.03 66.89 7.73 18.47 31524 42551 542.215 1
O9V O3I 1.52054752973E-08 4.49779854893E-06 18.03 66.89 7.73 18.47 31524 42551 1028.143 1
O9V O3I 1.52054752973E-08 4.49779854893E-06 18.03 66.89 7.73 18.47 31524 42551 1514.072 1
O9V O3I 1.52054752973E-08 4.49779854893E-06 18.03 66.89 7.73 18.47 31524 42551 2000 1
O3III O3I 3.58921934645E-06 4.49779854893E-06 58.62 66.89 16.57 18.47 42942 42551 36.792 1
O3III O3I 3.58921934645E-06 4.49779854893E-06 58.62 66.89 16.57 18.47 42942 42551 49.6454 1
O3III O3I 3.58921934645E-06 4.49779854893E-06 58.62 66.89 16.57 18.47 42942 42551 62.4988 1
O3III O3I 3.58921934645E-06 4.49779854893E-06 58.62 66.89 16.57 18.47 42942 42551 75.3522 1
O3III O3I 3.58921934645E-06 4.49779854893E-06 58.62 66.89 16.57 18.47 42942 42551 88.2056 1
O3III O3I 3.58921934645E-06 4.49779854893E-06 58.62 66.89 16.57 18.47 42942 42551 101.059 1
O3III O3I 3.58921934645E-06 4.49779854893E-06 58.62 66.89 16.57 18.47 42942 42551 575.794 1
O3III O3I 3.58921934645E-06 4.49779854893E-06 58.62 66.89 16.57 18.47 42942 42551 1050.53 1
O3III O3I 3.58921934645E-06 4.49779854893E-06 58.62 66.89 16.57 18.47 42942 42551 1525.265 1
O3III O3I 3.58921934645E-06 4.49779854893E-06 58.62 66.89 16.57 18.47 42942 42551 2000 1
O5III O3I 2.34422881532E-06 4.49779854893E-06 41.48 66.89 15.26 18.47 39507 42551 35.4165 1
O5III O3I 2.34422881532E-06 4.49779854893E-06 41.48 66.89 15.26 18.47 39507 42551 46.2322 1
O5III O3I 2.34422881532E-06 4.49779854893E-06 41.48 66.89 15.26 18.47 39507 42551 57.0479 1
O5III O3I 2.34422881532E-06 4.49779854893E-06 41.48 66.89 15.26 18.47 39507 42551 67.8636 1
O5III O3I 2.34422881532E-06 4.49779854893E-06 41.48 66.89 15.26 18.47 39507 42551 78.6793 1
O5III O3I 2.34422881532E-06 4.49779854893E-06 41.48 66.89 15.26 18.47 39507 42551 89.495 1
O5III O3I 2.34422881532E-06 4.49779854893E-06 41.48 66.89 15.26 18.47 39507 42551 567.122 1
O5III O3I 2.34422881532E-06 4.49779854893E-06 41.48 66.89 15.26 18.47 39507 42551 1044.748 1
O5III O3I 2.34422881532E-06 4.49779854893E-06 41.48 66.89 15.26 18.47 39507 42551 1522.374 1
O5III O3I 2.34422881532E-06 4.49779854893E-06 41.48 66.89 15.26 18.47 39507 42551 2000 1
O7III O3I 0.000000157 4.49779854893E-06 31.17 66.89 14.51 18.47 34638 42551 34.629 1
O7III O3I 0.000000157 4.49779854893E-06 31.17 66.89 14.51 18.47 34638 42551 40.154 1
O7III O3I 0.000000157 4.49779854893E-06 31.17 66.89 14.51 18.47 34638 42551 45.679 1
O7III O3I 0.000000157 4.49779854893E-06 31.17 66.89 14.51 18.47 34638 42551 51.204 1
O7III O3I 0.000000157 4.49779854893E-06 31.17 66.89 14.51 18.47 34638 42551 56.729 1
O7III O3I 0.000000157 4.49779854893E-06 31.17 66.89 14.51 18.47 34638 42551 62.254 1
O7III O3I 0.000000157 4.49779854893E-06 31.17 66.89 14.51 18.47 34638 42551 546.691 1
O7III O3I 0.000000157 4.49779854893E-06 31.17 66.89 14.51 18.47 34638 42551 1031.127 1
O7III O3I 0.000000157 4.49779854893E-06 31.17 66.89 14.51 18.47 34638 42551 1515.564 1
O7III O3I 0.000000157 4.49779854893E-06 31.17 66.89 14.51 18.47 34638 42551 2000 1
O9III O3I 1.54170045295E-07 4.49779854893E-06 23.07 66.89 13.69 18.47 30737 42551 33.768 1
O9III O3I 1.54170045295E-07 4.49779854893E-06 23.07 66.89 13.69 18.47 30737 42551 39.3484 1
O9III O3I 1.54170045295E-07 4.49779854893E-06 23.07 66.89 13.69 18.47 30737 42551 44.9288 1
O9III O3I 1.54170045295E-07 4.49779854893E-06 23.07 66.89 13.69 18.47 30737 42551 50.5092 1
O9III O3I 1.54170045295E-07 4.49779854893E-06 23.07 66.89 13.69 18.47 30737 42551 56.0896 1
O9III O3I 1.54170045295E-07 4.49779854893E-06 23.07 66.89 13.69 18.47 30737 42551 61.67 1
O9III O3I 1.54170045295E-07 4.49779854893E-06 23.07 66.89 13.69 18.47 30737 42551 546.252 1
O9III O3I 1.54170045295E-07 4.49779854893E-06 23.07 66.89 13.69 18.47 30737 42551 1030.835 1
O9III O3I 1.54170045295E-07 4.49779854893E-06 23.07 66.89 13.69 18.47 30737 42551 1515.417 1
O9III O3I 1.54170045295E-07 4.49779854893E-06 23.07 66.89 13.69 18.47 30737 42551 2000 1
O3I O3I 4.49779854893E-06 4.49779854893E-06 66.89 66.89 18.47 18.47 42551 42551 38.787 1
O3I O3I 4.49779854893E-06 4.49779854893E-06 66.89 66.89 18.47 18.47 42551 42551 52.4324 1
O3I O3I 4.49779854893E-06 4.49779854893E-06 66.89 66.89 18.47 18.47 42551 42551 66.0778 1
O3I O3I 4.49779854893E-06 4.49779854893E-06 66.89 66.89 18.47 18.47 42551 42551 79.7232 1
O3I O3I 4.49779854893E-06 4.49779854893E-06 66.89 66.89 18.47 18.47 42551 42551 93.3686 1
O3I O3I 4.49779854893E-06 4.49779854893E-06 66.89 66.89 18.47 18.47 42551 42551 107.014 1
O3I O3I 4.49779854893E-06 4.49779854893E-06 66.89 66.89 18.47 18.47 42551 42551 580.261 1
O3I O3I 4.49779854893E-06 4.49779854893E-06 66.89 66.89 18.47 18.47 42551 42551 1053.507 1
O3I O3I 4.49779854893E-06 4.49779854893E-06 66.89 66.89 18.47 18.47 42551 42551 1526.754 1
O3I O3I 4.49779854893E-06 4.49779854893E-06 66.89 66.89 18.47 18.47 42551 42551 2000 1
O5I O3I 2.7478941531E-06 4.49779854893E-06 50.87 66.89 19.48 18.47 38520 42551 39.8475 1
O5I O3I 2.7478941531E-06 4.49779854893E-06 50.87 66.89 19.48 18.47 38520 42551 50.2842 1
O5I O3I 2.7478941531E-06 4.49779854893E-06 50.87 66.89 19.48 18.47 38520 42551 60.7209 1
O5I O3I 2.7478941531E-06 4.49779854893E-06 50.87 66.89 19.48 18.47 38520 42551 71.1576 1
O5I O3I 2.7478941531E-06 4.49779854893E-06 50.87 66.89 19.48 18.47 38520 42551 81.5943 1
O5I O3I 2.7478941531E-06 4.49779854893E-06 50.87 66.89 19.48 18.47 38520 42551 92.031 1
O5I O3I 2.7478941531E-06 4.49779854893E-06 50.87 66.89 19.48 18.47 38520 42551 569.023 1
O5I O3I 2.7478941531E-06 4.49779854893E-06 50.87 66.89 19.48 18.47 38520 42551 1046.015 1
O5I O3I 2.7478941531E-06 4.49779854893E-06 50.87 66.89 19.48 18.47 38520 42551 1523.008 1
O5I O3I 2.7478941531E-06 4.49779854893E-06 50.87 66.89 19.48 18.47 38520 42551 2000 1
O7I O3I 1.01157945426E-06 4.49779854893E-06 40.91 66.89 21.14 18.47 33326 42551 41.5905 1
O7I O3I 1.01157945426E-06 4.49779854893E-06 40.91 66.89 21.14 18.47 33326 42551 48.317 1
O7I O3I 1.01157945426E-06 4.49779854893E-06 40.91 66.89 21.14 18.47 33326 42551 55.0435 1
O7I O3I 1.01157945426E-06 4.49779854893E-06 40.91 66.89 21.14 18.47 33326 42551 61.77 1
O7I O3I 1.01157945426E-06 4.49779854893E-06 40.91 66.89 21.14 18.47 33326 42551 68.4965 1
O7I O3I 1.01157945426E-06 4.49779854893E-06 40.91 66.89 21.14 18.47 33326 42551 75.223 1
O7I O3I 1.01157945426E-06 4.49779854893E-06 40.91 66.89 21.14 18.47 33326 42551 556.417 1
O7I O3I 1.01157945426E-06 4.49779854893E-06 40.91 66.89 21.14 18.47 33326 42551 1037.611 1
O7I O3I 1.01157945426E-06 4.49779854893E-06 40.91 66.89 21.14 18.47 33326 42551 1518.806 1
O7I O3I 1.01157945426E-06 4.49779854893E-06 40.91 66.89 21.14 18.47 33326 42551 2000 1
O9I O3I 4.12097519097E-07 4.49779854893E-06 31.95 66.89 22.6 18.47 29569 42551 43.1235 1
O9I O3I 4.12097519097E-07 4.49779854893E-06 31.95 66.89 22.6 18.47 29569 42551 47.7648 1
O9I O3I 4.12097519097E-07 4.49779854893E-06 31.95 66.89 22.6 18.47 29569 42551 52.4061 1
O9I O3I 4.12097519097E-07 4.49779854893E-06 31.95 66.89 22.6 18.47 29569 42551 57.0474 1
O9I O3I 4.12097519097E-07 4.49779854893E-06 31.95 66.89 22.6 18.47 29569 42551 61.6887 1
O9I O3I 4.12097519097E-07 4.49779854893E-06 31.95 66.89 22.6 18.47 29569 42551 66.33 1
O9I O3I 4.12097519097E-07 4.49779854893E-06 31.95 66.89 22.6 18.47 29569 42551 549.748 1
O9I O3I 4.12097519097E-07 4.49779854893E-06 31.95 66.89 22.6 18.47 29569 42551 1033.165 1
O9I O3I 4.12097519097E-07 4.49779854893E-06 31.95 66.89 22.6 18.47 29569 42551 1516.583 1
O9I O3I 4.12097519097E-07 4.49779854893E-06 31.95 66.89 22.6 18.47 29569 42551 2000 1
O5V O5I 0.000001074 2.7478941531E-06 37.28 50.87 11.08 19.48 41540 38520 32.088 1
O5V O5I 0.000001074 2.7478941531E-06 37.28 50.87 11.08 19.48 41540 38520 45.1014 1
O5V O5I 0.000001074 2.7478941531E-06 37.28 50.87 11.08 19.48 41540 38520 58.1148 1
O5V O5I 0.000001074 2.7478941531E-06 37.28 50.87 11.08 19.48 41540 38520 71.1282 1
O5V O5I 0.000001074 2.7478941531E-06 37.28 50.87 11.08 19.48 41540 38520 84.1416 1
O5V O5I 0.000001074 2.7478941531E-06 37.28 50.87 11.08 19.48 41540 38520 97.155 1
O5V O5I 0.000001074 2.7478941531E-06 37.28 50.87 11.08 19.48 41540 38520 572.866 1
O5V O5I 0.000001074 2.7478941531E-06 37.28 50.87 11.08 19.48 41540 38520 1048.577 1
O5V O5I 0.000001074 2.7478941531E-06 37.28 50.87 11.08 19.48 41540 38520 1524.289 1
O5V O5I 0.000001074 2.7478941531E-06 37.28 50.87 11.08 19.48 41540 38520 2000 1
O7V O5I 4.57088189615E-08 2.7478941531E-06 26.52 50.87 9.37 19.48 35531 38520 30.2925 1
O7V O5I 4.57088189615E-08 2.7478941531E-06 26.52 50.87 9.37 19.48 35531 38520 37.4282 1
O7V O5I 4.57088189615E-08 2.7478941531E-06 26.52 50.87 9.37 19.48 35531 38520 44.5639 1
O7V O5I 4.57088189615E-08 2.7478941531E-06 26.52 50.87 9.37 19.48 35531 38520 51.6996 1
O7V O5I 4.57088189615E-08 2.7478941531E-06 26.52 50.87 9.37 19.48 35531 38520 58.8353 1
O7V O5I 4.57088189615E-08 2.7478941531E-06 26.52 50.87 9.37 19.48 35531 38520 65.971 1
O7V O5I 4.57088189615E-08 2.7478941531E-06 26.52 50.87 9.37 19.48 35531 38520 549.478 1
O7V O5I 4.57088189615E-08 2.7478941531E-06 26.52 50.87 9.37 19.48 35531 38520 1032.986 1
O7V O5I 4.57088189615E-08 2.7478941531E-06 26.52 50.87 9.37 19.48 35531 38520 1516.493 1
O7V O5I 4.57088189615E-08 2.7478941531E-06 26.52 50.87 9.37 19.48 35531 38520 2000 1
O9V O5I 1.52054752973E-08 2.7478941531E-06 18.03 50.87 7.73 19.48 31524 38520 28.5705 1
O9V O5I 1.52054752973E-08 2.7478941531E-06 18.03 50.87 7.73 19.48 31524 38520 35.3508 1
O9V O5I 1.52054752973E-08 2.7478941531E-06 18.03 50.87 7.73 19.48 31524 38520 42.1311 1
O9V O5I 1.52054752973E-08 2.7478941531E-06 18.03 50.87 7.73 19.48 31524 38520 48.9114 1
O9V O5I 1.52054752973E-08 2.7478941531E-06 18.03 50.87 7.73 19.48 31524 38520 55.6917 1
O9V O5I 1.52054752973E-08 2.7478941531E-06 18.03 50.87 7.73 19.48 31524 38520 62.472 1
O9V O5I 1.52054752973E-08 2.7478941531E-06 18.03 50.87 7.73 19.48 31524 38520 546.854 1
O9V O5I 1.52054752973E-08 2.7478941531E-06 18.03 50.87 7.73 19.48 31524 38520 1031.236 1
O9V O5I 1.52054752973E-08 2.7478941531E-06 18.03 50.87 7.73 19.48 31524 38520 1515.618 1
O9V O5I 1.52054752973E-08 2.7478941531E-06 18.03 50.87 7.73 19.48 31524 38520 2000 1
O5III O5I 2.34422881532E-06 2.7478941531E-06 41.48 50.87 15.26 19.48 39507 38520 36.477 1
O5III O5I 2.34422881532E-06 2.7478941531E-06 41.48 50.87 15.26 19.48 39507 38520 51.7144 1
O5III O5I 2.34422881532E-06 2.7478941531E-06 41.48 50.87 15.26 19.48 39507 38520 66.9518 1
O5III O5I 2.34422881532E-06 2.7478941531E-06 41.48 50.87 15.26 19.48 39507 38520 82.1892 1
O5III O5I 2.34422881532E-06 2.7478941531E-06 41.48 50.87 15.26 19.48 39507 38520 97.4266 1
O5III O5I 2.34422881532E-06 2.7478941531E-06 41.48 50.87 15.26 19.48 39507 38520 112.664 1
O5III O5I 2.34422881532E-06 2.7478941531E-06 41.48 50.87 15.26 19.48 39507 38520 584.498 1
O5III O5I 2.34422881532E-06 2.7478941531E-06 41.48 50.87 15.26 19.48 39507 38520 1056.332 1
O5III O5I 2.34422881532E-06 2.7478941531E-06 41.48 50.87 15.26 19.48 39507 38520 1528.166 1
O5III O5I 2.34422881532E-06 2.7478941531E-06 41.48 50.87 15.26 19.48 39507 38520 2000 1
O7III O5I 0.000000157 2.7478941531E-06 31.17 50.87 14.51 19.48 34638 38520 35.6895 1
O7III O5I 0.000000157 2.7478941531E-06 31.17 50.87 14.51 19.48 34638 38520 42.8616 1
O7III O5I 0.000000157 2.7478941531E-06 31.17 50.87 14.51 19.48 34638 38520 50.0337 1
O7III O5I 0.000000157 2.7478941531E-06 31.17 50.87 14.51 19.48 34638 38520 57.2058 1
O7III O5I 0.000000157 2.7478941531E-06 31.17 50.87 14.51 19.48 34638 38520 64.3779 1
O7III O5I 0.000000157 2.7478941531E-06 31.17 50.87 14.51 19.48 34638 38520 71.55 1
O7III O5I 0.000000157 2.7478941531E-06 31.17 50.87 14.51 19.48 34638 38520 553.663 1
O7III O5I 0.000000157 2.7478941531E-06 31.17 50.87 14.51 19.48 34638 38520 1035.775 1
O7III O5I 0.000000157 2.7478941531E-06 31.17 50.87 14.51 19.48 34638 38520 1517.888 1
O7III O5I 0.000000157 2.7478941531E-06 31.17 50.87 14.51 19.48 34638 38520 2000 1
O9III O5I 1.54170045295E-07 2.7478941531E-06 23.07 50.87 13.69 19.48 30737 38520 34.8285 1
O9III O5I 1.54170045295E-07 2.7478941531E-06 23.07 50.87 13.69 19.48 30737 38520 41.989 1
O9III O5I 1.54170045295E-07 2.7478941531E-06 23.07 50.87 13.69 19.48 30737 38520 49.1495 1
O9III O5I 1.54170045295E-07 2.7478941531E-06 23.07 50.87 13.69 19.48 30737 38520 56.31 1
O9III O5I 1.54170045295E-07 2.7478941531E-06 23.07 50.87 13.69 19.48 30737 38520 63.4705 1
O9III O5I 1.54170045295E-07 2.7478941531E-06 23.07 50.87 13.69 19.48 30737 38520 70.631 1
O9III O5I 1.54170045295E-07 2.7478941531E-06 23.07 50.87 13.69 19.48 30737 38520 552.973 1
O9III O5I 1.54170045295E-07 2.7478941531E-06 23.07 50.87 13.69 19.48 30737 38520 1035.316 1
O9III O5I 1.54170045295E-07 2.7478941531E-06 23.07 50.87 13.69 19.48 30737 38520 1517.658 1
O9III O5I 1.54170045295E-07 2.7478941531E-06 23.07 50.87 13.69 19.48 30737 38520 2000 1
O5I O5I 2.7478941531E-06 2.7478941531E-06 50.87 50.87 19.48 19.48 38520 38520 40.908 1
O5I O5I 2.7478941531E-06 2.7478941531E-06 50.87 50.87 19.48 19.48 38520 38520 56.0144 1
O5I O5I 2.7478941531E-06 2.7478941531E-06 50.87 50.87 19.48 19.48 38520 38520 71.1208 1
O5I O5I 2.7478941531E-06 2.7478941531E-06 50.87 50.87 19.48 19.48 38520 38520 86.2272 1
O5I O5I 2.7478941531E-06 2.7478941531E-06 50.87 50.87 19.48 19.48 38520 38520 101.3336 1
O5I O5I 2.7478941531E-06 2.7478941531E-06 50.87 50.87 19.48 19.48 38520 38520 116.44 1
O5I O5I 2.7478941531E-06 2.7478941531E-06 50.87 50.87 19.48 19.48 38520 38520 587.33 1
O5I O5I 2.7478941531E-06 2.7478941531E-06 50.87 50.87 19.48 19.48 38520 38520 1058.22 1
O5I O5I 2.7478941531E-06 2.7478941531E-06 50.87 50.87 19.48 19.48 38520 38520 1529.11 1
O5I O5I 2.7478941531E-06 2.7478941531E-06 50.87 50.87 19.48 19.48 38520 38520 2000 1
O7I O5I 1.01157945426E-06 2.7478941531E-06 40.91 50.87 21.14 19.48 33326 38520 42.651 1
O7I O5I 1.01157945426E-06 2.7478941531E-06 40.91 50.87 21.14 19.48 33326 38520 52.3416 1
O7I O5I 1.01157945426E-06 2.7478941531E-06 40.91 50.87 21.14 19.48 33326 38520 62.0322 1
O7I O5I 1.01157945426E-06 2.7478941531E-06 40.91 50.87 21.14 19.48 33326 38520 71.7228 1
O7I O5I 1.01157945426E-06 2.7478941531E-06 40.91 50.87 21.14 19.48 33326 38520 81.4134 1
O7I O5I 1.01157945426E-06 2.7478941531E-06 40.91 50.87 21.14 19.48 33326 38520 91.104 1
O7I O5I 1.01157945426E-06 2.7478941531E-06 40.91 50.87 21.14 19.48 33326 38520 568.328 1
O7I O5I 1.01157945426E-06 2.7478941531E-06 40.91 50.87 21.14 19.48 33326 38520 1045.552 1
O7I O5I 1.01157945426E-06 2.7478941531E-06 40.91 50.87 21.14 19.48 33326 38520 1522.776 1
O7I O5I 1.01157945426E-06 2.7478941531E-06 40.91 50.87 21.14 19.48 33326 38520 2000 1
O9I O5I 4.12097519097E-07 2.7478941531E-06 31.95 50.87 22.6 19.48 29569 38520 44.184 1
O9I O5I 4.12097519097E-07 2.7478941531E-06 31.95 50.87 22.6 19.48 29569 38520 50.8804 1
O9I O5I 4.12097519097E-07 2.7478941531E-06 31.95 50.87 22.6 19.48 29569 38520 57.5768 1
O9I O5I 4.12097519097E-07 2.7478941531E-06 31.95 50.87 22.6 19.48 29569 38520 64.2732 1
O9I O5I 4.12097519097E-07 2.7478941531E-06 31.95 50.87 22.6 19.48 29569 38520 70.9696 1
O9I O5I 4.12097519097E-07 2.7478941531E-06 31.95 50.87 22.6 19.48 29569 38520 77.666 1
O9I O5I 4.12097519097E-07 2.7478941531E-06 31.95 50.87 22.6 19.48 29569 38520 558.249 1
O9I O5I 4.12097519097E-07 2.7478941531E-06 31.95 50.87 22.6 19.48 29569 38520 1038.833 1
O9I O5I 4.12097519097E-07 2.7478941531E-06 31.95 50.87 22.6 19.48 29569 38520 1519.416 1
O9I O5I 4.12097519097E-07 2.7478941531E-06 31.95 50.87 22.6 19.48 29569 38520 2000 1
O7V O7I 4.57088189615E-08 1.01157945426E-06 26.52 40.91 9.37 21.14 35531 33326 32.0355 1
O7V O7I 4.57088189615E-08 1.01157945426E-06 26.52 40.91 9.37 21.14 35531 33326 39.2576 1
O7V O7I 4.57088189615E-08 1.01157945426E-06 26.52 40.91 9.37 21.14 35531 33326 46.4797 1
O7V O7I 4.57088189615E-08 1.01157945426E-06 26.52 40.91 9.37 21.14 35531 33326 53.7018 1
O7V O7I 4.57088189615E-08 1.01157945426E-06 26.52 40.91 9.37 21.14 35531 33326 60.9239 1
O7V O7I 4.57088189615E-08 1.01157945426E-06 26.52 40.91 9.37 21.14 35531 33326 68.146 1
O7V O7I 4.57088189615E-08 1.01157945426E-06 26.52 40.91 9.37 21.14 35531 33326 551.11 1
O7V O7I 4.57088189615E-08 1.01157945426E-06 26.52 40.91 9.37 21.14 35531 33326 1034.073 1
O7V O7I 4.57088189615E-08 1.01157945426E-06 26.52 40.91 9.37 21.14 35531 33326 1517.037 1
O7V O7I 4.57088189615E-08 1.01157945426E-06 26.52 40.91 9.37 21.14 35531 33326 2000 1
O9V O7I 1.52054752973E-08 1.01157945426E-06 18.03 40.91 7.73 21.14 31524 33326 30.3135 1
O9V O7I 1.52054752973E-08 1.01157945426E-06 18.03 40.91 7.73 21.14 31524 33326 36.7112 1
O9V O7I 1.52054752973E-08 1.01157945426E-06 18.03 40.91 7.73 21.14 31524 33326 43.1089 1
O9V O7I 1.52054752973E-08 1.01157945426E-06 18.03 40.91 7.73 21.14 31524 33326 49.5066 1
O9V O7I 1.52054752973E-08 1.01157945426E-06 18.03 40.91 7.73 21.14 31524 33326 55.9043 1
O9V O7I 1.52054752973E-08 1.01157945426E-06 18.03 40.91 7.73 21.14 31524 33326 62.302 1
O9V O7I 1.52054752973E-08 1.01157945426E-06 18.03 40.91 7.73 21.14 31524 33326 546.727 1
O9V O7I 1.52054752973E-08 1.01157945426E-06 18.03 40.91 7.73 21.14 31524 33326 1031.151 1
O9V O7I 1.52054752973E-08 1.01157945426E-06 18.03 40.91 7.73 21.14 31524 33326 1515.576 1
O9V O7I 1.52054752973E-08 1.01157945426E-06 18.03 40.91 7.73 21.14 31524 33326 2000 1
O7III O7I 0.000000157 1.01157945426E-06 31.17 40.91 14.51 21.14 34638 33326 37.4325 1
O7III O7I 0.000000157 1.01157945426E-06 31.17 40.91 14.51 21.14 34638 33326 45.4556 1
O7III O7I 0.000000157 1.01157945426E-06 31.17 40.91 14.51 21.14 34638 33326 53.4787 1
O7III O7I 0.000000157 1.01157945426E-06 31.17 40.91 14.51 21.14 34638 33326 61.5018 1
O7III O7I 0.000000157 1.01157945426E-06 31.17 40.91 14.51 21.14 34638 33326 69.5249 1
O7III O7I 0.000000157 1.01157945426E-06 31.17 40.91 14.51 21.14 34638 33326 77.548 1
O7III O7I 0.000000157 1.01157945426E-06 31.17 40.91 14.51 21.14 34638 33326 558.161 1
O7III O7I 0.000000157 1.01157945426E-06 31.17 40.91 14.51 21.14 34638 33326 1038.774 1
O7III O7I 0.000000157 1.01157945426E-06 31.17 40.91 14.51 21.14 34638 33326 1519.387 1
O7III O7I 0.000000157 1.01157945426E-06 31.17 40.91 14.51 21.14 34638 33326 2000 1
O9III O7I 1.54170045295E-07 1.01157945426E-06 23.07 40.91 13.69 21.14 30737 33326 36.5715 1
O9III O7I 1.54170045295E-07 1.01157945426E-06 23.07 40.91 13.69 21.14 30737 33326 44.4688 1
O9III O7I 1.54170045295E-07 1.01157945426E-06 23.07 40.91 13.69 21.14 30737 33326 52.3661 1
O9III O7I 1.54170045295E-07 1.01157945426E-06 23.07 40.91 13.69 21.14 30737 33326 60.2634 1
O9III O7I 1.54170045295E-07 1.01157945426E-06 23.07 40.91 13.69 21.14 30737 33326 68.1607 1
O9III O7I 1.54170045295E-07 1.01157945426E-06 23.07 40.91 13.69 21.14 30737 33326 76.058 1
O9III O7I 1.54170045295E-07 1.01157945426E-06 23.07 40.91 13.69 21.14 30737 33326 557.044 1
O9III O7I 1.54170045295E-07 1.01157945426E-06 23.07 40.91 13.69 21.14 30737 33326 1038.029 1
O9III O7I 1.54170045295E-07 1.01157945426E-06 23.07 40.91 13.69 21.14 30737 33326 1519.015 1
O9III O7I 1.54170045295E-07 1.01157945426E-06 23.07 40.91 13.69 21.14 30737 33326 2000 1
O7I O7I 1.01157945426E-06 1.01157945426E-06 40.91 40.91 21.14 21.14 33326 33326 44.394 1
O7I O7I 1.01157945426E-06 1.01157945426E-06 40.91 40.91 21.14 21.14 33326 33326 57.6152 1
O7I O7I 1.01157945426E-06 1.01157945426E-06 40.91 40.91 21.14 21.14 33326 33326 70.8364 1
O7I O7I 1.01157945426E-06 1.01157945426E-06 40.91 40.91 21.14 21.14 33326 33326 84.0576 1
O7I O7I 1.01157945426E-06 1.01157945426E-06 40.91 40.91 21.14 21.14 33326 33326 97.2788 1
O7I O7I 1.01157945426E-06 1.01157945426E-06 40.91 40.91 21.14 21.14 33326 33326 110.5 1
O7I O7I 1.01157945426E-06 1.01157945426E-06 40.91 40.91 21.14 21.14 33326 33326 582.875 1
O7I O7I 1.01157945426E-06 1.01157945426E-06 40.91 40.91 21.14 21.14 33326 33326 1055.25 1
O7I O7I 1.01157945426E-06 1.01157945426E-06 40.91 40.91 21.14 21.14 33326 33326 1527.625 1
O7I O7I 1.01157945426E-06 1.01157945426E-06 40.91 40.91 21.14 21.14 33326 33326 2000 1
O9I O7I 4.12097519097E-07 1.01157945426E-06 31.95 40.91 22.6 21.14 29569 33326 45.927 1
O9I O7I 4.12097519097E-07 1.01157945426E-06 31.95 40.91 22.6 21.14 29569 33326 54.3062 1
O9I O7I 4.12097519097E-07 1.01157945426E-06 31.95 40.91 22.6 21.14 29569 33326 62.6854 1
O9I O7I 4.12097519097E-07 1.01157945426E-06 31.95 40.91 22.6 21.14 29569 33326 71.0646 1
O9I O7I 4.12097519097E-07 1.01157945426E-06 31.95 40.91 22.6 21.14 29569 33326 79.4438 1
O9I O7I 4.12097519097E-07 1.01157945426E-06 31.95 40.91 22.6 21.14 29569 33326 87.823 1
O9I O7I 4.12097519097E-07 1.01157945426E-06 31.95 40.91 22.6 21.14 29569 33326 565.867 1
O9I O7I 4.12097519097E-07 1.01157945426E-06 31.95 40.91 22.6 21.14 29569 33326 1043.911 1
O9I O7I 4.12097519097E-07 1.01157945426E-06 31.95 40.91 22.6 21.14 29569 33326 1521.956 1
O9I O7I 4.12097519097E-07 1.01157945426E-06 31.95 40.91 22.6 21.14 29569 33326 2000 1
O7V O9I 4.57088189615E-08 4.12097519097E-07 26.52 31.95 9.37 22.6 35531 29569 33.5685 1
O7V O9I 4.57088189615E-08 4.12097519097E-07 26.52 31.95 9.37 22.6 35531 29569 42.0382 1
O7V O9I 4.57088189615E-08 4.12097519097E-07 26.52 31.95 9.37 22.6 35531 29569 50.5079 1
O7V O9I 4.57088189615E-08 4.12097519097E-07 26.52 31.95 9.37 22.6 35531 29569 58.9776 1
O7V O9I 4.57088189615E-08 4.12097519097E-07 26.52 31.95 9.37 22.6 35531 29569 67.4473 1
O7V O9I 4.57088189615E-08 4.12097519097E-07 26.52 31.95 9.37 22.6 35531 29569 75.917 1
O7V O9I 4.57088189615E-08 4.12097519097E-07 26.52 31.95 9.37 22.6 35531 29569 556.938 1
O7V O9I 4.57088189615E-08 4.12097519097E-07 26.52 31.95 9.37 22.6 35531 29569 1037.958 1
O7V O9I 4.57088189615E-08 4.12097519097E-07 26.52 31.95 9.37 22.6 35531 29569 1518.979 1
O7V O9I 4.57088189615E-08 4.12097519097E-07 26.52 31.95 9.37 22.6 35531 29569 2000 1
O9V O9I 1.52054752973E-08 4.12097519097E-07 18.03 31.95 7.73 22.6 31524 29569 31.8465 1
O9V O9I 1.52054752973E-08 4.12097519097E-07 18.03 31.95 7.73 22.6 31524 29569 38.7164 1
O9V O9I 1.52054752973E-08 4.12097519097E-07 18.03 31.95 7.73 22.6 31524 29569 45.5863 1
O9V O9I 1.52054752973E-08 4.12097519097E-07 18.03 31.95 7.73 22.6 31524 29569 52.4562 1
O9V O9I 1.52054752973E-08 4.12097519097E-07 18.03 31.95 7.73 22.6 31524 29569 59.3261 1
O9V O9I 1.52054752973E-08 4.12097519097E-07 18.03 31.95 7.73 22.6 31524 29569 66.196 1
O9V O9I 1.52054752973E-08 4.12097519097E-07 18.03 31.95 7.73 22.6 31524 29569 549.647 1
O9V O9I 1.52054752973E-08 4.12097519097E-07 18.03 31.95 7.73 22.6 31524 29569 1033.098 1
O9V O9I 1.52054752973E-08 4.12097519097E-07 18.03 31.95 7.73 22.6 31524 29569 1516.549 1
O9V O9I 1.52054752973E-08 4.12097519097E-07 18.03 31.95 7.73 22.6 31524 29569 2000 1
O7III O9I 0.000000157 4.12097519097E-07 31.17 31.95 14.51 22.6 34638 29569 38.9655 1
O7III O9I 0.000000157 4.12097519097E-07 31.17 31.95 14.51 22.6 34638 29569 49.5022 1
O7III O9I 0.000000157 4.12097519097E-07 31.17 31.95 14.51 22.6 34638 29569 60.0389 1
O7III O9I 0.000000157 4.12097519097E-07 31.17 31.95 14.51 22.6 34638 29569 70.5756 1
O7III O9I 0.000000157 4.12097519097E-07 31.17 31.95 14.51 22.6 34638 29569 81.1123 1
O7III O9I 0.000000157 4.12097519097E-07 31.17 31.95 14.51 22.6 34638 29569 91.649 1
O7III O9I 0.000000157 4.12097519097E-07 31.17 31.95 14.51 22.6 34638 29569 568.737 1
O7III O9I 0.000000157 4.12097519097E-07 31.17 31.95 14.51 22.6 34638 29569 1045.825 1
O7III O9I 0.000000157 4.12097519097E-07 31.17 31.95 14.51 22.6 34638 29569 1522.912 1
O7III O9I 0.000000157 4.12097519097E-07 31.17 31.95 14.51 22.6 34638 29569 2000 1
O9III O9I 1.54170045295E-07 4.12097519097E-07 23.07 31.95 13.69 22.6 30737 29569 38.1045 1
O9III O9I 1.54170045295E-07 4.12097519097E-07 23.07 31.95 13.69 22.6 30737 29569 48.3026 1
O9III O9I 1.54170045295E-07 4.12097519097E-07 23.07 31.95 13.69 22.6 30737 29569 58.5007 1
O9III O9I 1.54170045295E-07 4.12097519097E-07 23.07 31.95 13.69 22.6 30737 29569 68.6988 1
O9III O9I 1.54170045295E-07 4.12097519097E-07 23.07 31.95 13.69 22.6 30737 29569 78.8969 1
O9III O9I 1.54170045295E-07 4.12097519097E-07 23.07 31.95 13.69 22.6 30737 29569 89.095 1
O9III O9I 1.54170045295E-07 4.12097519097E-07 23.07 31.95 13.69 22.6 30737 29569 566.821 1
O9III O9I 1.54170045295E-07 4.12097519097E-07 23.07 31.95 13.69 22.6 30737 29569 1044.547 1
O9III O9I 1.54170045295E-07 4.12097519097E-07 23.07 31.95 13.69 22.6 30737 29569 1522.274 1
O9III O9I 1.54170045295E-07 4.12097519097E-07 23.07 31.95 13.69 22.6 30737 29569 2000 1
O9I O9I 4.12097519097E-07 4.12097519097E-07 31.95 31.95 22.6 22.6 29569 29569 47.46 1
O9I O9I 4.12097519097E-07 4.12097519097E-07 31.95 31.95 22.6 22.6 29569 29569 59.7146 1
O9I O9I 4.12097519097E-07 4.12097519097E-07 31.95 31.95 22.6 22.6 29569 29569 71.9692 1
O9I O9I 4.12097519097E-07 4.12097519097E-07 31.95 31.95 22.6 22.6 29569 29569 84.2238 1
O9I O9I 4.12097519097E-07 4.12097519097E-07 31.95 31.95 22.6 22.6 29569 29569 96.4784 1
O9I O9I 4.12097519097E-07 4.12097519097E-07 31.95 31.95 22.6 22.6 29569 29569 108.733 1
O9I O9I 4.12097519097E-07 4.12097519097E-07 31.95 31.95 22.6 22.6 29569 29569 581.55 1
O9I O9I 4.12097519097E-07 4.12097519097E-07 31.95 31.95 22.6 22.6 29569 29569 1054.366 1
O9I O9I 4.12097519097E-07 4.12097519097E-07 31.95 31.95 22.6 22.6 29569 29569 1527.183 1
O9I O9I 4.12097519097E-07 4.12097519097E-07 31.95 31.95 22.6 22.6 29569 29569 2000 1
