#depth cm	Temp K	Htot erg/cm3/s	Ctot erg/cm3/s	cool fracs
5.00000e-01	1.0000e+04	1.4971e-29	1.1502e-23	ISclinH H  0.0	0.3694559	Fe 2 0.0	0.2552228	C  1 0.0	0.0809083	Mg 1 0.0	0.0646524	Ca 2 0.0	0.0516825 
5.00000e-01	1.1220e+04	8.4510e-29	2.5526e-23	ISclinH H  0.0	0.5938375	Fe 2 0.0	0.1426619	C  1 0.0	0.0605513	Mg 2 0.0	0.0496967	Mg 1 0.0	0.0303457 
5.00000e-01	1.2589e+04	3.1921e-28	5.8949e-23	ISclinH H  0.0	0.7665545	Fe 2 0.0	0.0748108	Mg 2 0.0	0.0419963	C  1 0.0	0.0244462	S  2 0.0	0.0145854 
5.00000e-01	1.4125e+04	7.4684e-28	1.2323e-22	ISclinH H  0.0	0.8487535	Fe 2 0.0	0.0423743	Mg 2 0.0	0.0326763	IScionH H  0.0	0.0117538	S  2 0.0	0.0090343 
5.00000e-01	1.5849e+04	9.3692e-28	1.8657e-22	ISclinH H  0.0	0.8665472	Fe 2 0.0	0.0293011	Mg 2 0.0	0.0273275	IScionH H  0.0	0.0175346	O  2 0.0	0.0149210 
5.00000e-01	1.7783e+04	4.1675e-28	1.9196e-22	ISclinH H  0.0	0.8478441	O  2 0.0	0.0301110	IScionH H  0.0	0.0241680	Mg 2 0.0	0.0231492	Fe 2 0.0	0.0216250 
5.00000e-01	1.9953e+04	2.2411e-33	1.6081e-22	ISclinH H  0.0	0.8014666	O  2 0.0	0.0540241	IScionH H  0.0	0.0311474	C  2 0.0	0.0268332	Mg 2 0.0	0.0168218 
5.00000e-01	2.2387e+04	2.1200e-33	1.3129e-22	ISclinH H  0.0	0.7197220	O  2 0.0	0.0867490	C  2 0.0	0.0487849	IScionH H  0.0	0.0370340	Si 3 0.0	0.0207334 
5.00000e-01	2.5119e+04	1.8623e-33	1.1393e-22	ISclinH H  0.0	0.6019363	O  2 0.0	0.1252073	C  2 0.0	0.0804621	Si 3 0.0	0.0415917	IScionH H  0.0	0.0399489 
5.00000e-01	2.8184e+04	2.1131e-33	1.0781e-22	ISclinH H  0.0	0.4666640	O  2 0.0	0.1643820	C  2 0.0	0.1162954	Si 3 0.0	0.0647640	IScionH H  0.0	0.0390181 
5.00000e-01	3.1623e+04	3.0254e-33	1.0943e-22	ISclinH H  0.0	0.3427441	O  2 0.0	0.2025788	C  2 0.0	0.1472060	Si 3 0.0	0.0856879	ISclinHeHe 1.0	0.0467157 
5.00000e-01	3.5481e+04	4.3234e-33	1.1749e-22	ISclinH H  0.0	0.2417394	O  2 0.0	0.2376361	C  2 0.0	0.1627241	Si 3 0.0	0.1008156	C  3 0.0	0.0551126 
5.00000e-01	3.9811e+04	5.1540e-33	1.3239e-22	O  2 0.0	0.2606366	ISclinH H  0.0	0.1640967	C  2 0.0	0.1561264	Si 3 0.0	0.1089878	C  3 0.0	0.1068257 
5.00000e-01	4.4668e+04	5.1862e-33	1.5427e-22	O  2 0.0	0.2565858	C  3 0.0	0.1705109	C  2 0.0	0.1315516	Si 3 0.0	0.1108548	ISclinH H  0.0	0.1091925 
5.00000e-01	5.0119e+04	4.7817e-33	1.8321e-22	C  3 0.0	0.2309433	O  2 0.0	0.2199112	Si 3 0.0	0.1085408	C  2 0.0	0.1001710	ISclinH H  0.0	0.0721649	O  3 0.0	0.0714710 
5.00000e-01	5.6234e+04	3.9541e-33	2.2106e-22	C  3 0.0	0.2768425	O  2 0.0	0.1643791	O  3 0.0	0.1162244	Si 3 0.0	0.1009050	C  2 0.0	0.0705171	ISclinH He 1.0	0.0564225 
5.00000e-01	6.3096e+04	2.8081e-33	2.7110e-22	C  3 0.0	0.3012485	O  3 0.0	0.1514843	O  2 0.0	0.1103521	ISclinH He 1.0	0.1017734	Si 3 0.0	0.0885546 
5.00000e-01	7.0795e+04	1.6578e-33	3.3090e-22	C  3 0.0	0.3079489	O  3 0.0	0.1733462	ISclinH He 1.0	0.1447981	Si 3 0.0	0.0736714	O  2 0.0	0.0699370 
5.00000e-01	7.9433e+04	6.9139e-34	3.8417e-22	C  3 0.0	0.3083130	O  3 0.0	0.1879783	ISclinH He 1.0	0.1581169	Si 3 0.0	0.0556425	O  2 0.0	0.0442993 
5.00000e-01	8.9125e+04	3.1665e-28	4.1644e-22	C  3 0.0	0.2986426	O  3 0.0	0.1975306	ISclinH He 1.0	0.1395264	C  4 0.0	0.0682069	O  4 0.0	0.0452518 
5.00000e-01	1.0000e+05	6.3430e-28	4.2834e-22	C  3 0.0	0.2529819	O  3 0.0	0.1958082	C  4 0.0	0.1190269	ISclinH He 1.0	0.1103081	O  4 0.0	0.0973937 
5.00000e-01	1.1220e+05	7.2458e-28	4.1502e-22	O  4 0.0	0.1838380	O  3 0.0	0.1835689	C  3 0.0	0.1646303	C  4 0.0	0.1504252	ISclinH He 1.0	0.0867175	N  4 0.0	0.0508479 
5.00000e-01	1.2589e+05	6.8671e-28	3.9017e-22	O  4 0.0	0.3010628	O  3 0.0	0.1591612	C  4 0.0	0.1284744	C  3 0.0	0.0762578	N  4 0.0	0.0747219	ISclinH He 1.0	0.0690361 
5.00000e-01	1.4125e+05	5.8733e-28	3.8455e-22	O  4 0.0	0.4064178	O  3 0.0	0.1202412	N  4 0.0	0.0913377	C  4 0.0	0.0804458	ISclinH He 1.0	0.0525095 
5.00000e-01	1.5849e+05	4.7913e-28	3.9811e-22	O  4 0.0	0.4595535	N  4 0.0	0.0902883	O  5 0.0	0.0885127	O  3 0.0	0.0798357	C  4 0.0	0.0438493 
5.00000e-01	1.7783e+05	3.8482e-28	4.1421e-22	O  4 0.0	0.4564294	O  5 0.0	0.1788395	N  4 0.0	0.0679206	O  3 0.0	0.0483765	Ne 4 0.0	0.0310403 
5.00000e-01	1.9953e+05	3.0840e-28	4.2536e-22	O  4 0.0	0.4025128	O  5 0.0	0.3034053	N  4 0.0	0.0354141	Ne 5 0.0	0.0325773	O  3 0.0	0.0269750 
5.00000e-01	2.2387e+05	2.5364e-28	4.3665e-22	O  5 0.0	0.4240234	O  4 0.0	0.3069013	Ne 5 0.0	0.0460448	O  6 0.0	0.0377190	Ne 4 0.0	0.0189700 
5.00000e-01	2.5119e+05	2.2818e-28	4.3416e-22	O  5 0.0	0.4878879	O  4 0.0	0.2011466	O  6 0.0	0.0913709	Ne 5 0.0	0.0569083	Ne 4 0.0	0.0127918 
5.00000e-01	2.8184e+05	2.3186e-28	3.8312e-22	O  5 0.0	0.4609132	O  6 0.0	0.1710226	O  4 0.0	0.1125228	Ne 5 0.0	0.0683005	Ne 6 0.0	0.0267857 
5.00000e-01	3.1623e+05	2.3894e-28	2.8846e-22	O  5 0.0	0.3448472	O  6 0.0	0.2403452	Ne 5 0.0	0.0834656	Ne 6 0.0	0.0623386	O  4 0.0	0.0514654 
5.00000e-01	3.5481e+05	2.2574e-28	2.1159e-22	O  6 0.0	0.2465037	O  5 0.0	0.1973855	Ne 6 0.0	0.1227888	Ne 5 0.0	0.0913912	Fe 8 0.0	0.0259024 
5.00000e-01	3.9811e+05	2.0002e-28	1.7355e-22	O  6 0.0	0.1937701	Ne 6 0.0	0.1808747	O  5 0.0	0.0902861	Ne 5 0.0	0.0780987	Fe 8 0.0	0.0511851 
5.00000e-01	4.4668e+05	1.7343e-28	1.5972e-22	Ne 6 0.0	0.1984048	O  6 0.0	0.1306095	Ne 7 0.0	0.0937407	Fe 8 0.0	0.0777256	Ne 5 0.0	0.0516054 
5.00000e-01	5.0119e+05	1.5049e-28	1.5544e-22	Ne 6 0.0	0.1673268	Ne 7 0.0	0.1433388	Fe 8 0.0	0.0970403	O  6 0.0	0.0839792	Fe 9 0.0	0.0626499 
5.00000e-01	5.6234e+05	1.3219e-28	1.5002e-22	Ne 7 0.0	0.1603748	Fe 9 0.0	0.1081034	Ne 6 0.0	0.1078050	Fe 8 0.0	0.1071843	Mg 7 0.0	0.0620308	O  6 0.0	0.0556617 
5.00000e-01	6.3096e+05	1.1762e-28	1.3948e-22	Fe 9 0.0	0.1665302	Ne 7 0.0	0.1259454	Fe 8 0.0	0.1091362	Mg 7 0.0	0.0713899	Ne 8 0.0	0.0666159	Ne 6 0.0	0.0506574 
5.00000e-01	7.0795e+05	1.0496e-28	1.3032e-22	Fe 9 0.0	0.2225862	Fe 8 0.0	0.0992392	Ne 7 0.0	0.0703898	Mg 7 0.0	0.0682666	Mg 8 0.0	0.0646089	Ne 8 0.0	0.0645964 
5.00000e-01	7.9433e+05	9.3452e-29	1.2670e-22	Fe 9 0.0	0.2508252	Mg 8 0.0	0.0824365	Fe 8 0.0	0.0780409	Fe10 0.0	0.0741234	Mg 7 0.0	0.0525018 
5.00000e-01	8.9125e+05	8.3000e-29	1.2623e-22	Fe 9 0.0	0.2426827	Fe10 0.0	0.1176416	Mg 8 0.0	0.0807948	Fe 8 0.0	0.0534757	Mg 9 0.0	0.0508501 
5.00000e-01	1.0000e+06	7.3522e-29	1.2486e-22	Fe 9 0.0	0.2034789	Fe10 0.0	0.1563582	Fe11 0.0	0.0684579	Mg 9 0.0	0.0632646	Mg 8 0.0	0.0591976	Si 9 0.0	0.0535572 
5.00000e-01	1.1220e+06	6.4929e-29	1.2064e-22	Fe10 0.0	0.1717591	Fe 9 0.0	0.1457570	Fe11 0.0	0.1218774	Si 9 0.0	0.0676179	Mg 9 0.0	0.0542698 
5.00000e-01	1.2589e+06	5.7291e-29	1.1543e-22	Fe11 0.0	0.1661952	Fe10 0.0	0.1488711	Fe 9 0.0	0.0845108	Fe12 0.0	0.0782842	Si 9 0.0	0.0700481 
5.00000e-01	1.4125e+06	5.0910e-29	1.1008e-22	Fe11 0.0	0.1644171	Fe12 0.0	0.1214182	Fe10 0.0	0.0962121	Fe13 0.0	0.0828547	Si 9 0.0	0.0585110	Si10 0.0	0.0576329 
5.00000e-01	1.5849e+06	4.5838e-29	1.0268e-22	Fe13 0.0	0.1394141	Fe12 0.0	0.1279293	Fe11 0.0	0.1136345	Fe14 0.0	0.0771706	Si10 0.0	0.0556440 
5.00000e-01	1.7783e+06	4.1638e-29	9.0285e-23	Fe13 0.0	0.1521543	Fe14 0.0	0.1315442	Fe12 0.0	0.0901631	Fe15 0.0	0.0766647	Fe11 0.0	0.0538745	Si11 0.0	0.0501912 
5.00000e-01	1.9953e+06	3.7483e-29	7.3880e-23	Fe14 0.0	0.1446110	Fe15 0.0	0.1317248	Fe13 0.0	0.1104459	Fe16 0.0	0.0566685	FF c 0.0	0.0522385 
5.00000e-01	2.2387e+06	3.2791e-29	5.9212e-23	Fe15 0.0	0.1547189	Fe14 0.0	0.1123297	Fe16 0.0	0.1005868	FF c 0.0	0.0688557	Fe13 0.0	0.0582974	ISclinHeO  7.0	0.0565257 
5.00000e-01	2.5119e+06	2.7764e-29	4.8706e-23	Fe15 0.0	0.1426671	Fe16 0.0	0.1346339	FF c 0.0	0.0884069	Fe14 0.0	0.0705904	ISclinHeO  7.0	0.0592475 
5.00000e-01	2.8184e+06	2.3036e-29	4.1003e-23	Fe16 0.0	0.1543381	Fe15 0.0	0.1167554	FF c 0.0	0.1108813	ISclinH O  7.0	0.0637866	ISclinHeO  7.0	0.0534334 
5.00000e-01	3.1623e+06	1.9058e-29	3.5162e-23	Fe16 0.0	0.1615644	FF c 0.0	0.1364681	Fe15 0.0	0.0900082	Fe17 0.0	0.0772648	ISclinH O  7.0	0.0752265 
5.00000e-01	3.5481e+06	1.5887e-29	3.1284e-23	FF c 0.0	0.1618253	Fe16 0.0	0.1554351	Fe17 0.0	0.1189623	ISclinH O  7.0	0.0780572	Fe15 0.0	0.0655006 
5.00000e-01	3.9811e+06	1.3375e-29	2.9055e-23	FF c 0.0	0.1837632	Fe17 0.0	0.1635459	Fe16 0.0	0.1382152	ISclinH O  7.0	0.0733906	Hvin 0.0	0.0479047 
5.00000e-01	4.4668e+06	1.1338e-29	2.7913e-23	Fe17 0.0	0.2030639	FF c 0.0	0.2017004	Fe16 0.0	0.1143374	ISclinH O  7.0	0.0646722	Hvin 0.0	0.0524285 
5.00000e-01	5.0119e+06	9.6523e-30	2.7454e-23	Fe17 0.0	0.2295685	FF c 0.0	0.2162204	Fe16 0.0	0.0881636	Fe18 0.0	0.0614256	Hvin 0.0	0.0575194	ISclinH O  7.0	0.0547951 
5.00000e-01	5.6234e+06	8.2597e-30	2.7393e-23	Fe17 0.0	0.2366927	FF c 0.0	0.2284700	Fe18 0.0	0.0903953	Fe16 0.0	0.0632957	Hvin 0.0	0.0630802 
5.00000e-01	6.3096e+06	7.1160e-30	2.7558e-23	FF c 0.0	0.2394266	Fe17 0.0	0.2214218	Fe18 0.0	0.1187382	Hvin 0.0	0.0688403	Fe19 0.0	0.0432718 
5.00000e-01	7.0795e+06	6.1746e-30	2.7831e-23	FF c 0.0	0.2499677	Fe17 0.0	0.1853724	Fe18 0.0	0.1374181	Hvin 0.0	0.0742443	Fe19 0.0	0.0705928 
5.00000e-01	7.9433e+06	5.3968e-30	2.8058e-23	FF c 0.0	0.2614484	Fe18 0.0	0.1373892	Fe17 0.0	0.1362399	Fe19 0.0	0.0978984	Hvin 0.0	0.0785002 
5.00000e-01	8.9125e+06	4.7567e-30	2.8085e-23	FF c 0.0	0.2754655	Fe18 0.0	0.1157859	Fe19 0.0	0.1126878	Fe17 0.0	0.0855652	Hvin 0.0	0.0805963	Fe20 0.0	0.0762591 
5.00000e-01	1.0000e+07	4.2346e-30	2.7748e-23	FF c 0.0	0.2941105	Fe19 0.0	0.1045128	Fe20 0.0	0.0960738	Fe18 0.0	0.0797573	Hvin 0.0	0.0794538	Fe21 0.0	0.0745278 
5.00000e-01	1.1220e+07	3.8089e-30	2.6773e-23	FF c 0.0	0.3216373	Fe21 0.0	0.0995263	Fe20 0.0	0.0935511	Fe19 0.0	0.0760680	Hvin 0.0	0.0745257	Fe22 0.0	0.0611695 
5.00000e-01	1.2589e+07	3.4483e-30	2.4982e-23	FF c 0.0	0.3637815	Fe21 0.0	0.0996711	Fe22 0.0	0.0837049	Fe20 0.0	0.0694534	Hvin 0.0	0.0662027	Fe23 0.0	0.0599079 
5.00000e-01	1.4125e+07	3.1137e-30	2.2690e-23	FF c 0.0	0.4227457	Fe22 0.0	0.0857824	Fe23 0.0	0.0832401	Fe21 0.0	0.0760780	Hvin 0.0	0.0560039 
5.00000e-01	1.5849e+07	2.7824e-30	2.0577e-23	FF c 0.0	0.4919627	Fe23 0.0	0.0899433	Fe22 0.0	0.0692441	Fe24 0.0	0.0535864	Fe21 0.0	0.0466347 
5.00000e-01	1.7783e+07	2.4583e-30	1.9037e-23	FF c 0.0	0.5611243	Fe23 0.0	0.0812009	Fe24 0.0	0.0645893	Fe22 0.0	0.0474153	Hvin 0.0	0.0371244 
5.00000e-01	1.9953e+07	2.1544e-30	1.8092e-23	FF c 0.0	0.6230050	Fe24 0.0	0.0682909	Fe23 0.0	0.0654196	Hvin 0.0	0.0302279	Fe22 0.0	0.0295336 
5.00000e-01	2.2387e+07	1.8800e-30	1.7618e-23	FF c 0.0	0.6750672	Fe24 0.0	0.0664915	Fe23 0.0	0.0493034	Hvin 0.0	0.0249602	Fe22 0.0	0.0174658 
5.00000e-01	2.5119e+07	1.6384e-30	1.7489e-23	FF c 0.0	0.7175797	Fe24 0.0	0.0615160	Fe23 0.0	0.0357687	Hvin 0.0	0.0209045	hvFB 0.0	0.0117976 
5.00000e-01	2.8184e+07	1.4284e-30	1.7624e-23	FF c 0.0	0.7514561	Fe24 0.0	0.0549794	Fe23 0.0	0.0253717	Hvin 0.0	0.0176695	ISclinHeFe 25.0	0.0159089 
5.00000e-01	3.1623e+07	1.2471e-30	1.7967e-23	FF c 0.0	0.7779270	Fe24 0.0	0.0478523	ISclinHeFe 25.0	0.0217904	Fe23 0.0	0.0177680	Hvin 0.0	0.0149794 
5.00000e-01	3.5481e+07	1.0905e-30	1.8473e-23	FF c 0.0	0.7986425	Fe24 0.0	0.0407090	ISclinHeFe 25.0	0.0280051	Hvin 0.0	0.0126646	Fe23 0.0	0.0123137 
5.00000e-01	3.9811e+07	9.5492e-31	1.9118e-23	FF c 0.0	0.8146669	ISclinHeFe 25.0	0.0339799	Fe24 0.0	0.0339540	Hvin 0.0	0.0106162	hvFB 0.0	0.0102099 
5.00000e-01	4.4668e+07	8.3658e-31	1.9875e-23	FF c 0.0	0.8274042	ISclinHeFe 25.0	0.0390883	Fe24 0.0	0.0277045	hvFB 0.0	0.0093980	Hvin 0.0	0.0087802 
5.00000e-01	5.0119e+07	7.3216e-31	2.0725e-23	FF c 0.0	0.8379388	ISclinHeFe 25.0	0.0427250	Fe24 0.0	0.0220433	eeff 0.0	0.0093947	hvFB 0.0	0.0084684 
5.00000e-01	5.6234e+07	6.3867e-31	2.1649e-23	FF c 0.0	0.8472468	ISclinHeFe 25.0	0.0444280	Fe24 0.0	0.0170616	eeff 0.0	0.0107088	IScionHeFe 25.0	0.0083655 
5.00000e-01	6.3096e+07	5.5367e-31	2.2637e-23	FF c 0.0	0.8560230	ISclinHeFe 25.0	0.0439783	Fe24 0.0	0.0128164	eeff 0.0	0.0121952	IScionHeFe 25.0	0.0091786 
5.00000e-01	7.0795e+07	4.7549e-31	2.3679e-23	FF c 0.0	0.8647402	ISclinHeFe 25.0	0.0414715	eeff 0.0	0.0138829	IScionHeFe 25.0	0.0095423	Fe24 0.0	0.0093243 
5.00000e-01	7.9433e+07	4.0339e-31	2.4773e-23	FF c 0.0	0.8735494	ISclinHeFe 25.0	0.0373043	eeff 0.0	0.0158008	IScionHeFe 25.0	0.0094158	ISclinH Fe 25.0	0.0086521 
5.00000e-01	8.9125e+07	3.3739e-31	2.5922e-23	FF c 0.0	0.8825350	ISclinHeFe 25.0	0.0320910	eeff 0.0	0.0179820	ISclinH Fe 25.0	0.0095319	IScionHeFe 25.0	0.0088440 
5.00000e-01	1.0000e+08	2.7801e-31	2.7141e-23	FF c 0.0	0.8912508	ISclinHeFe 25.0	0.0264908	eeff 0.0	0.0204522	ISclinH Fe 25.0	0.0099220	IScionHeFe 25.0	0.0079366 
5.00000e-01	1.1220e+08	2.2582e-31	2.8452e-23	FF c 0.0	0.8991575	eeff 0.0	0.0232357	ISclinHeFe 25.0	0.0210776	ISclinH Fe 25.0	0.0099844	IScionHeFe 25.0	0.0068367 
5.00000e-01	1.2589e+08	1.8109e-31	2.9865e-23	FF c 0.0	0.9061712	eeff 0.0	0.0263657	ISclinHeFe 25.0	0.0162539	ISclinH Fe 25.0	0.0094958	IScionH Fe 25.0	0.0061828 
5.00000e-01	1.4125e+08	1.4367e-31	3.1404e-23	FF c 0.0	0.9118971	eeff 0.0	0.0298691	ISclinHeFe 25.0	0.0122121	ISclinH Fe 25.0	0.0087123	IScionH Fe 25.0	0.0062515 
5.00000e-01	1.5849e+08	1.1304e-31	3.3085e-23	FF c 0.0	0.9161952	eeff 0.0	0.0337797	ISclinHeFe 25.0	0.0089858	ISclinH Fe 25.0	0.0077589	IScionH Fe 25.0	0.0061063 
5.00000e-01	1.7783e+08	8.8401e-32	3.4922e-23	FF c 0.0	0.9190103	eeff 0.0	0.0381389	ISclinH Fe 25.0	0.0067444	ISclinHeFe 25.0	0.0065051	IScionH Fe 25.0	0.0057953 
5.00000e-01	1.9953e+08	6.8843e-32	3.6936e-23	FF c 0.0	0.9203629	eeff 0.0	0.0429880	ISclinH Fe 25.0	0.0057481	IScionH Fe 25.0	0.0053696	ISrcolH Fe 25.0	0.0052563 
5.00000e-01	2.2387e+08	5.3479e-32	3.9144e-23	FF c 0.0	0.9202970	eeff 0.0	0.0483755	ISrcolH Fe 25.0	0.0052285	IScionH Fe 25.0	0.0048769	ISclinH Fe 25.0	0.0048217 
5.00000e-01	2.5119e+08	4.1495e-32	4.1567e-23	FF c 0.0	0.9188666	eeff 0.0	0.0543553	ISrcolH Fe 25.0	0.0051100	IScionH Fe 25.0	0.0043559	ISclinH Fe 25.0	0.0039930 
5.00000e-01	2.8184e+08	3.2190e-32	4.4226e-23	FF c 0.0	0.9161064	eeff 0.0	0.0609939	ISrcolH Fe 25.0	0.0049239	IScionH Fe 25.0	0.0038365	ISclinH Fe 25.0	0.0032725 
5.00000e-01	3.1623e+08	2.4987e-32	4.7155e-23	FF c 0.0	0.9120659	eeff 0.0	0.0683472	ISrcolH Fe 25.0	0.0046838	IScionH Fe 25.0	0.0033382	ISclinH Fe 25.0	0.0026588 
5.00000e-01	3.5481e+08	1.9417e-32	5.0390e-23	FF c 0.0	0.9067668	eeff 0.0	0.0764811	ISrcolH Fe 25.0	0.0044048	IScionH Fe 25.0	0.0028737	ISclinH Fe 25.0	0.0021440 
5.00000e-01	3.9811e+08	1.5113e-32	5.3977e-23	FF c 0.0	0.9002116	eeff 0.0	0.0854654	ISrcolH Fe 25.0	0.0041000	IScionH Fe 25.0	0.0024505	ISclinH Fe 25.0	0.0017177 
5.00000e-01	4.4668e+08	1.1787e-32	5.7957e-23	FF c 0.0	0.8923702	eeff 0.0	0.0953890	ISrcolH Fe 25.0	0.0037814	IScionH Fe 25.0	0.0020720	ISclinH Fe 25.0	0.0013684 
5.00000e-01	5.0119e+08	9.2129e-33	6.2405e-23	FF c 0.0	0.8832494	eeff 0.0	0.1063060	ISrcolH Fe 25.0	0.0034569	IScionH Fe 25.0	0.0017379	ISclinH Fe 25.0	0.0010842 
5.00000e-01	5.6234e+08	7.2197e-33	6.7405e-23	FF c 0.0	0.8728217	eeff 0.0	0.1182799	ISrcolH Fe 25.0	0.0031339	IScionH Fe 25.0	0.0014465	ISclinH Fe 25.0	0.0008544 
5.00000e-01	6.3096e+08	5.6737e-33	7.3055e-23	FF c 0.0	0.8610668	eeff 0.0	0.1313702	ISrcolH Fe 25.0	0.0028181	IScionH Fe 25.0	0.0011950	ISclinH Fe 25.0	0.0006697 
5.00000e-01	7.0795e+08	4.4732e-33	7.9460e-23	FF c 0.0	0.8479401	eeff 0.0	0.1456496	ISrcolH Fe 25.0	0.0025143	IScionH Fe 25.0	0.0009801	ISclinH Fe 25.0	0.0005222 
5.00000e-01	7.9433e+08	3.5397e-33	8.6786e-23	FF c 0.0	0.8334624	eeff 0.0	0.1611232	ISrcolH Fe 25.0	0.0022254	IScionH Fe 25.0	0.0007979	ISclinH Fe 25.0	0.0004049 
5.00000e-01	8.9125e+08	2.8126e-33	9.5216e-23	FF c 0.0	0.8176523	eeff 0.0	0.1777928	ISrcolH Fe 25.0	0.0019538	IScionH Fe 25.0	0.0006448	ISclinH Fe 25.0	0.0003121 
5.00000e-01	1.0000e+09	2.2457e-33	1.0498e-22	FF c 0.0	0.8005548	eeff 0.0	0.1956309	ISrcolH Fe 25.0	0.0017014	IScionH Fe 25.0	0.0005171	ISclinH Fe 25.0	0.0002391 
